T F 2    2    1    0    2    2    2    2    2    2    1    0    0   0.0000.00000
    1    1    1    0    0    0  23.00000   0.00000   0.00000   0.00000   0.00000
 -99.000 -99.000 -99.000
 -99.00000 -99.00000 -99.00000  2.922360  0.000710 ! H2O & O3 COLUMNS [GM/CM2]
   36MID-LATITUDE SUMMER 
  10.00000  10.00000  90.08366  20.00002   0.17958   0.00000    1        0.00000
  -99  -99  -99  -99
 -99.00000 -99.00000 -99.00000 -99.00000 -99.00000 -99.00000 -99.00000 -99.00000
     714.0    1250.0       1.0       1.0NW              
    0   0    0.000  0    0.000  0    1.000
    FREQ  TOT_TRANS  PTH_THRML  THRML_SCT  SURF_EMIS   SOL_SCAT  SING_SCAT  GRND_RFLT  DRCT_RFLT  TOTAL_RAD  REF_SOL  SOL@OBS   DEPTH DIR_EM    TOA_SUN BBODY_T[K]
  714.00 0.25057900 4.1822E-06 0.0000E+00 0.0000E+00                       0.0000E+00            4.1822E-06                     1.384 1.0000               220.892
  715.00 0.13255629 4.8310E-06 0.0000E+00 0.0000E+00                       0.0000E+00            4.8310E-06                     2.021 1.0000               227.995
  716.00 0.36332569 3.5389E-06 0.0000E+00 0.0000E+00                       0.0000E+00            3.5389E-06                     1.012 1.0000               213.528
  717.00 0.22295539 4.3104E-06 0.0000E+00 0.0000E+00                       0.0000E+00            4.3104E-06                     1.501 1.0000               222.655
  718.00 0.16745217 4.6090E-06 0.0000E+00 0.0000E+00                       0.0000E+00            4.6090E-06                     1.787 1.0000               225.998
  719.00 0.00053454 5.5205E-06 0.0000E+00 0.0000E+00                       0.0000E+00            5.5205E-06                     7.534 1.0000               235.284
  720.00 0.00000002 5.5115E-06 0.0000E+00 0.0000E+00                       0.0000E+00            5.5115E-06                    17.618 1.0000               235.305
  721.00 0.00429441 5.4779E-06 0.0000E+00 0.0000E+00                       0.0000E+00            5.4779E-06                     5.450 1.0000               235.089
  722.00 0.21029809 4.3366E-06 0.0000E+00 0.0000E+00                       0.0000E+00            4.3366E-06                     1.559 1.0000               223.502
  723.00 0.53901696 2.5264E-06 0.0000E+00 0.0000E+00                       0.0000E+00            2.5264E-06                     0.618 1.0000               200.499
  724.00 0.38406289 3.3687E-06 0.0000E+00 0.0000E+00                       0.0000E+00            3.3687E-06                     0.957 1.0000               212.305
  725.00 0.44864908 3.0093E-06 0.0000E+00 0.0000E+00                       0.0000E+00            3.0093E-06                     0.802 1.0000               207.683
  726.00 0.58109230 2.2818E-06 0.0000E+00 0.0000E+00                       0.0000E+00            2.2818E-06                     0.543 1.0000               197.015
  727.00 0.29485229 3.8329E-06 0.0000E+00 0.0000E+00                       0.0000E+00            3.8329E-06                     1.221 1.0000               218.337
  728.00 0.54357898 2.4759E-06 0.0000E+00 0.0000E+00                       0.0000E+00            2.4759E-06                     0.610 1.0000               200.316
  729.00 0.35676661 3.4819E-06 0.0000E+00 0.0000E+00                       0.0000E+00            3.4819E-06                     1.031 1.0000               214.310
  730.00 0.27180922 3.9336E-06 0.0000E+00 0.0000E+00                       0.0000E+00            3.9336E-06                     1.303 1.0000               219.856
  731.00 0.42791921 3.0840E-06 0.0000E+00 0.0000E+00                       0.0000E+00            3.0840E-06                     0.849 1.0000               209.393
  732.00 0.32575127 3.6271E-06 0.0000E+00 0.0000E+00                       0.0000E+00            3.6271E-06                     1.122 1.0000               216.444
  733.00 0.30030581 3.7561E-06 0.0000E+00 0.0000E+00                       0.0000E+00            3.7561E-06                     1.203 1.0000               218.112
  734.00 0.54235893 2.4517E-06 0.0000E+00 0.0000E+00                       0.0000E+00            2.4517E-06                     0.612 1.0000               200.652
  735.00 0.29113218 3.7895E-06 0.0000E+00 0.0000E+00                       0.0000E+00            3.7895E-06                     1.234 1.0000               218.737
  736.00 0.33650517 3.5395E-06 0.0000E+00 0.0000E+00                       0.0000E+00            3.5395E-06                     1.089 1.0000               215.830
  737.00 0.55505943 2.3687E-06 0.0000E+00 0.0000E+00                       0.0000E+00            2.3687E-06                     0.589 1.0000               199.710
  738.00 0.31681284 3.6292E-06 0.0000E+00 0.0000E+00                       0.0000E+00            3.6292E-06                     1.149 1.0000               217.158
  739.00 0.34999859 3.4456E-06 0.0000E+00 0.0000E+00                       0.0000E+00            3.4456E-06                     1.050 1.0000               215.010
  740.00 0.52166206 2.5303E-06 0.0000E+00 0.0000E+00                       0.0000E+00            2.5303E-06                     0.651 1.0000               202.566
  741.00 0.09152962 4.7950E-06 0.0000E+00 0.0000E+00                       0.0000E+00            4.7950E-06                     2.391 1.0000               230.491
  742.00 0.11173709 4.6784E-06 0.0000E+00 0.0000E+00                       0.0000E+00            4.6784E-06                     2.192 1.0000               229.394
  743.00 0.71545446 1.4956E-06 0.0000E+00 0.0000E+00                       0.0000E+00            1.4956E-06                     0.335 1.0000               184.572
  744.00 0.43791547 2.9480E-06 0.0000E+00 0.0000E+00                       0.0000E+00            2.9480E-06                     0.826 1.0000               209.063
  745.00 0.50470543 2.5921E-06 0.0000E+00 0.0000E+00                       0.0000E+00            2.5921E-06                     0.684 1.0000               204.086
  746.00 0.77928352 1.1527E-06 0.0000E+00 0.0000E+00                       0.0000E+00            1.1527E-06                     0.249 1.0000               177.010
  747.00 0.52377784 2.4816E-06 0.0000E+00 0.0000E+00                       0.0000E+00            2.4816E-06                     0.647 1.0000               202.652
  748.00 0.54422003 2.3699E-06 0.0000E+00 0.0000E+00                       0.0000E+00            2.3699E-06                     0.608 1.0000               201.035
  749.00 0.82931238 8.8562E-07 0.0000E+00 0.0000E+00                       0.0000E+00            8.8562E-07                     0.187 1.0000               170.011
  750.00 0.56309116 2.2619E-06 0.0000E+00 0.0000E+00                       0.0000E+00            2.2619E-06                     0.574 1.0000               199.546
  751.00 0.66603863 1.7252E-06 0.0000E+00 0.0000E+00                       0.0000E+00            1.7252E-06                     0.406 1.0000               190.183
  752.00 0.86041051 7.1955E-07 0.0000E+00 0.0000E+00                       0.0000E+00            7.1955E-07                     0.150 1.0000               164.984
  753.00 0.62409443 1.9334E-06 0.0000E+00 0.0000E+00                       0.0000E+00            1.9334E-06                     0.471 1.0000               194.300
  754.00 0.71202928 1.4779E-06 0.0000E+00 0.0000E+00                       0.0000E+00            1.4779E-06                     0.340 1.0000               185.517
  755.00 0.83181995 8.6123E-07 0.0000E+00 0.0000E+00                       0.0000E+00            8.6123E-07                     0.184 1.0000               169.985
  756.00 0.70602298 1.5021E-06 0.0000E+00 0.0000E+00                       0.0000E+00            1.5021E-06                     0.348 1.0000               186.272
  757.00 0.78609288 1.0906E-06 0.0000E+00 0.0000E+00                       0.0000E+00            1.0906E-06                     0.241 1.0000               176.733
  758.00 0.92332691 3.9004E-07 0.0000E+00 0.0000E+00                       0.0000E+00            3.9004E-07                     0.080 1.0000               151.608
  759.00 0.80418134 9.9394E-07 0.0000E+00 0.0000E+00                       0.0000E+00            9.9394E-07                     0.218 1.0000               174.357
  760.00 0.85451019 7.3684E-07 0.0000E+00 0.0000E+00                       0.0000E+00            7.3684E-07                     0.157 1.0000               166.536
  761.00 0.97613221 1.2061E-07 0.0000E+00 0.0000E+00                       0.0000E+00            1.2061E-07                     0.024 1.0000               130.680
  762.00 0.86993384 6.5579E-07 0.0000E+00 0.0000E+00                       0.0000E+00            6.5579E-07                     0.139 1.0000               163.874
  763.00 0.89888251 5.0869E-07 0.0000E+00 0.0000E+00                       0.0000E+00            5.0869E-07                     0.107 1.0000               158.004
  764.00 0.98199934 9.0353E-08 0.0000E+00 0.0000E+00                       0.0000E+00            9.0353E-08                     0.018 1.0000               126.652
  765.00 0.90780050 4.6175E-07 0.0000E+00 0.0000E+00                       0.0000E+00            4.6175E-07                     0.097 1.0000               156.069
  766.00 0.92795938 3.5998E-07 0.0000E+00 0.0000E+00                       0.0000E+00            3.5998E-07                     0.075 1.0000               150.867
  767.00 0.98659903 6.6812E-08 0.0000E+00 0.0000E+00                       0.0000E+00            6.6812E-08                     0.013 1.0000               122.716
  768.00 0.93718863 3.1245E-07 0.0000E+00 0.0000E+00                       0.0000E+00            3.1245E-07                     0.065 1.0000               148.231
  769.00 0.90813416 4.5594E-07 0.0000E+00 0.0000E+00                       0.0000E+00            4.5594E-07                     0.096 1.0000               156.258
  770.00 0.95434558 2.2608E-07 0.0000E+00 0.0000E+00                       0.0000E+00            2.2608E-07                     0.047 1.0000               142.294
  771.00 0.95657849 2.1453E-07 0.0000E+00 0.0000E+00                       0.0000E+00            2.1453E-07                     0.044 1.0000               141.457
  772.00 0.98095846 9.3861E-08 0.0000E+00 0.0000E+00                       0.0000E+00            9.3861E-08                     0.019 1.0000               128.079
  773.00 0.96675056 1.6352E-07 0.0000E+00 0.0000E+00                       0.0000E+00            1.6352E-07                     0.034 1.0000               136.948
  774.00 0.96759892 1.5898E-07 0.0000E+00 0.0000E+00                       0.0000E+00            1.5898E-07                     0.033 1.0000               136.587
  775.00 0.98981059 4.9883E-08 0.0000E+00 0.0000E+00                       0.0000E+00            4.9883E-08                     0.010 1.0000               119.693
  776.00 0.93677986 3.0879E-07 0.0000E+00 0.0000E+00                       0.0000E+00            3.0879E-07                     0.065 1.0000               148.919
  777.00 0.90620816 4.5706E-07 0.0000E+00 0.0000E+00                       0.0000E+00            4.5706E-07                     0.098 1.0000               157.249
  778.00 0.99057281 4.5834E-08 0.0000E+00 0.0000E+00                       0.0000E+00            4.5834E-08                     0.009 1.0000               118.928
  779.00 0.94964975 2.4423E-07 0.0000E+00 0.0000E+00                       0.0000E+00            2.4423E-07                     0.052 1.0000               144.745
  780.00 0.98979563 4.9383E-08 0.0000E+00 0.0000E+00                       0.0000E+00            4.9383E-08                     0.010 1.0000               120.087
  781.00 0.97765476 1.0789E-07 0.0000E+00 0.0000E+00                       0.0000E+00            1.0789E-07                     0.023 1.0000               131.152
  782.00 0.97665876 1.1243E-07 0.0000E+00 0.0000E+00                       0.0000E+00            1.1243E-07                     0.024 1.0000               131.896
  783.00 0.99190289 3.8913E-08 0.0000E+00 0.0000E+00                       0.0000E+00            3.8913E-08                     0.008 1.0000               117.410
  784.00 0.89063931 5.2433E-07 0.0000E+00 0.0000E+00                       0.0000E+00            5.2433E-07                     0.116 1.0000               161.167
  785.00 0.97308952 1.2872E-07 0.0000E+00 0.0000E+00                       0.0000E+00            1.2872E-07                     0.027 1.0000               134.352
  786.00 0.99325126 3.2206E-08 0.0000E+00 0.0000E+00                       0.0000E+00            3.2206E-08                     0.007 1.0000               115.446
  787.00 0.98492914 7.1751E-08 0.0000E+00 0.0000E+00                       0.0000E+00            7.1751E-08                     0.015 1.0000               125.833
  788.00 0.98870492 5.3648E-08 0.0000E+00 0.0000E+00                       0.0000E+00            5.3648E-08                     0.011 1.0000               122.000
  789.00 0.99340808 3.1236E-08 0.0000E+00 0.0000E+00                       0.0000E+00            3.1236E-08                     0.007 1.0000               115.392
  790.00 0.98862869 5.3756E-08 0.0000E+00 0.0000E+00                       0.0000E+00            5.3756E-08                     0.011 1.0000               122.236
  791.00 0.94739074 2.4812E-07 0.0000E+00 0.0000E+00                       0.0000E+00            2.4812E-07                     0.054 1.0000               146.406
  792.00 0.69134569 1.4522E-06 0.0000E+00 0.0000E+00                       0.0000E+00            1.4522E-06                     0.369 1.0000               189.531
  793.00 0.95501673 2.1114E-07 0.0000E+00 0.0000E+00                       0.0000E+00            2.1114E-07                     0.046 1.0000               143.656
  794.00 0.94894332 2.3908E-07 0.0000E+00 0.0000E+00                       0.0000E+00            2.3908E-07                     0.052 1.0000               146.052
  795.00 0.97045350 1.3802E-07 0.0000E+00 0.0000E+00                       0.0000E+00            1.3802E-07                     0.030 1.0000               136.580
  796.00 0.85435081 6.7878E-07 0.0000E+00 0.0000E+00                       0.0000E+00            6.7878E-07                     0.157 1.0000               168.754
  797.00 0.96927953 1.4282E-07 0.0000E+00 0.0000E+00                       0.0000E+00            1.4282E-07                     0.031 1.0000               137.360
  798.00 0.94860148 2.3839E-07 0.0000E+00 0.0000E+00                       0.0000E+00            2.3839E-07                     0.053 1.0000               146.451
  799.00 0.87017590 6.0069E-07 0.0000E+00 0.0000E+00                       0.0000E+00            6.0069E-07                     0.139 1.0000               166.126
  800.00 0.97112912 1.3326E-07 0.0000E+00 0.0000E+00                       0.0000E+00            1.3326E-07                     0.029 1.0000               136.560
  801.00 0.99283516 3.2992E-08 0.0000E+00 0.0000E+00                       0.0000E+00            3.2992E-08                     0.007 1.0000               117.259
  802.00 0.97463977 1.1649E-07 0.0000E+00 0.0000E+00                       0.0000E+00            1.1649E-07                     0.026 1.0000               134.634
  803.00 0.95717621 1.9624E-07 0.0000E+00 0.0000E+00                       0.0000E+00            1.9624E-07                     0.044 1.0000               143.467
  804.00 0.96694356 1.5111E-07 0.0000E+00 0.0000E+00                       0.0000E+00            1.5111E-07                     0.034 1.0000               139.069
  805.00 0.97545397 1.1193E-07 0.0000E+00 0.0000E+00                       0.0000E+00            1.1193E-07                     0.025 1.0000               134.337
  806.00 0.97538865 1.1196E-07 0.0000E+00 0.0000E+00                       0.0000E+00            1.1196E-07                     0.025 1.0000               134.449
  807.00 0.99566972 1.9651E-08 0.0000E+00 0.0000E+00                       0.0000E+00            1.9651E-08                     0.004 1.0000               111.980
  808.00 0.94368893 2.5492E-07 0.0000E+00 0.0000E+00                       0.0000E+00            2.5492E-07                     0.058 1.0000               148.850
  809.00 0.97799820 9.9357E-08 0.0000E+00 0.0000E+00                       0.0000E+00            9.9357E-08                     0.022 1.0000               132.937
  810.00 0.99644297 1.6024E-08 0.0000E+00 0.0000E+00                       0.0000E+00            1.6024E-08                     0.004 1.0000               110.111
  811.00 0.98234022 7.9360E-08 0.0000E+00 0.0000E+00                       0.0000E+00            7.9360E-08                     0.018 1.0000               129.825
  812.00 0.98531270 6.5839E-08 0.0000E+00 0.0000E+00                       0.0000E+00            6.5839E-08                     0.015 1.0000               127.288
  813.00 0.99623913 1.6817E-08 0.0000E+00 0.0000E+00                       0.0000E+00            1.6817E-08                     0.004 1.0000               110.909
  814.00 0.96686959 1.4778E-07 0.0000E+00 0.0000E+00                       0.0000E+00            1.4778E-07                     0.034 1.0000               139.801
  815.00 0.98436797 6.9558E-08 0.0000E+00 0.0000E+00                       0.0000E+00            6.9558E-08                     0.016 1.0000               128.371
  816.00 0.98853743 5.0879E-08 0.0000E+00 0.0000E+00                       0.0000E+00            5.0879E-08                     0.012 1.0000               124.227
  817.00 0.99015278 4.3601E-08 0.0000E+00 0.0000E+00                       0.0000E+00            4.3601E-08                     0.010 1.0000               122.333
  818.00 0.99690843 1.3655E-08 0.0000E+00 0.0000E+00                       0.0000E+00            1.3655E-08                     0.003 1.0000               109.243
  819.00 0.99201727 3.5170E-08 0.0000E+00 0.0000E+00                       0.0000E+00            3.5170E-08                     0.008 1.0000               119.861
  820.00 0.99333119 2.9308E-08 0.0000E+00 0.0000E+00                       0.0000E+00            2.9308E-08                     0.007 1.0000               117.779
  821.00 0.99704915 1.2936E-08 0.0000E+00 0.0000E+00                       0.0000E+00            1.2936E-08                     0.003 1.0000               108.985
  822.00 0.99461657 2.3541E-08 0.0000E+00 0.0000E+00                       0.0000E+00            2.3541E-08                     0.005 1.0000               115.457
  823.00 0.99541700 1.9991E-08 0.0000E+00 0.0000E+00                       0.0000E+00            1.9991E-08                     0.005 1.0000               113.741
  824.00 0.99769384 1.0034E-08 0.0000E+00 0.0000E+00                       0.0000E+00            1.0034E-08                     0.002 1.0000               106.773
  825.00 0.97907531 9.0813E-08 0.0000E+00 0.0000E+00                       0.0000E+00            9.0813E-08                     0.021 1.0000               133.303
  826.00 0.99778521 9.5880E-09 0.0000E+00 0.0000E+00                       0.0000E+00            9.5880E-09                     0.002 1.0000               106.526
  827.00 0.99510926 2.1119E-08 0.0000E+00 0.0000E+00                       0.0000E+00            2.1119E-08                     0.005 1.0000               114.739
  828.00 0.97439015 1.1031E-07 0.0000E+00 0.0000E+00                       0.0000E+00            1.1031E-07                     0.026 1.0000               136.604
  829.00 0.99681932 1.3665E-08 0.0000E+00 0.0000E+00                       0.0000E+00            1.3665E-08                     0.003 1.0000               110.309
  830.00 0.99732125 1.1480E-08 0.0000E+00 0.0000E+00                       0.0000E+00            1.1480E-08                     0.003 1.0000               108.655
  831.00 0.99754423 1.0498E-08 0.0000E+00 0.0000E+00                       0.0000E+00            1.0498E-08                     0.002 1.0000               107.872
  832.00 0.99785274 9.1558E-09 0.0000E+00 0.0000E+00                       0.0000E+00            9.1558E-09                     0.002 1.0000               106.651
  833.00 0.99749756 1.0643E-08 0.0000E+00 0.0000E+00                       0.0000E+00            1.0643E-08                     0.003 1.0000               108.195
  834.00 0.99735361 1.1226E-08 0.0000E+00 0.0000E+00                       0.0000E+00            1.1226E-08                     0.003 1.0000               108.814
  835.00 0.99709898 1.2275E-08 0.0000E+00 0.0000E+00                       0.0000E+00            1.2275E-08                     0.003 1.0000               109.798
  836.00 0.99592882 1.7182E-08 0.0000E+00 0.0000E+00                       0.0000E+00            1.7182E-08                     0.004 1.0000               113.377
  837.00 0.99652898 1.4612E-08 0.0000E+00 0.0000E+00                       0.0000E+00            1.4612E-08                     0.003 1.0000               111.768
  838.00 0.99582130 1.7546E-08 0.0000E+00 0.0000E+00                       0.0000E+00            1.7546E-08                     0.004 1.0000               113.796
  839.00 0.99543244 1.9129E-08 0.0000E+00 0.0000E+00                       0.0000E+00            1.9129E-08                     0.005 1.0000               114.830
  840.00 0.97623932 9.9253E-08 0.0000E+00 0.0000E+00                       0.0000E+00            9.9253E-08                     0.024 1.0000               136.260
  841.00 0.99371082 2.6204E-08 0.0000E+00 0.0000E+00                       0.0000E+00            2.6204E-08                     0.006 1.0000               118.572
  842.00 0.98638487 5.6581E-08 0.0000E+00 0.0000E+00                       0.0000E+00            5.6581E-08                     0.014 1.0000               128.349
  843.00 0.99082983 3.8010E-08 0.0000E+00 0.0000E+00                       0.0000E+00            3.8010E-08                     0.009 1.0000               123.260
  844.00 0.98928869 4.4284E-08 0.0000E+00 0.0000E+00                       0.0000E+00            4.4284E-08                     0.011 1.0000               125.307
  845.00 0.98779082 5.0345E-08 0.0000E+00 0.0000E+00                       0.0000E+00            5.0345E-08                     0.012 1.0000               127.091
  846.00 0.98664594 5.4923E-08 0.0000E+00 0.0000E+00                       0.0000E+00            5.4923E-08                     0.013 1.0000               128.361
  847.00 0.98640943 5.5750E-08 0.0000E+00 0.0000E+00                       0.0000E+00            5.5750E-08                     0.014 1.0000               128.668
  848.00 0.98713887 5.2620E-08 0.0000E+00 0.0000E+00                       0.0000E+00            5.2620E-08                     0.013 1.0000               127.991
  849.00 0.98636025 5.5661E-08 0.0000E+00 0.0000E+00                       0.0000E+00            5.5661E-08                     0.014 1.0000               128.854
  850.00 0.96222538 1.5374E-07 0.0000E+00 0.0000E+00                       0.0000E+00            1.5374E-07                     0.039 1.0000               144.429
  851.00 0.98767883 5.0017E-08 0.0000E+00 0.0000E+00                       0.0000E+00            5.0017E-08                     0.012 1.0000               127.623
  852.00 0.95467633 1.8351E-07 0.0000E+00 0.0000E+00                       0.0000E+00            1.8351E-07                     0.046 1.0000               147.732
  853.00 0.98051482 7.8684E-08 0.0000E+00 0.0000E+00                       0.0000E+00            7.8684E-08                     0.020 1.0000               134.160
  854.00 0.99287945 2.8678E-08 0.0000E+00 0.0000E+00                       0.0000E+00            2.8678E-08                     0.007 1.0000               120.929
  855.00 0.97624594 9.5417E-08 0.0000E+00 0.0000E+00                       0.0000E+00            9.5417E-08                     0.024 1.0000               137.262
  856.00 0.99590045 1.6425E-08 0.0000E+00 0.0000E+00                       0.0000E+00            1.6425E-08                     0.004 1.0000               114.834
  857.00 0.99664754 1.3396E-08 0.0000E+00 0.0000E+00                       0.0000E+00            1.3396E-08                     0.003 1.0000               112.788
  858.00 0.99716741 1.1289E-08 0.0000E+00 0.0000E+00                       0.0000E+00            1.1289E-08                     0.003 1.0000               111.144
  859.00 0.99688631 1.2376E-08 0.0000E+00 0.0000E+00                       0.0000E+00            1.2376E-08                     0.003 1.0000               112.167
  860.00 0.99748176 9.9828E-09 0.0000E+00 0.0000E+00                       0.0000E+00            9.9828E-09                     0.003 1.0000               110.115
  861.00 0.99838740 6.3756E-09 0.0000E+00 0.0000E+00                       0.0000E+00            6.3756E-09                     0.002 1.0000               105.981
  862.00 0.99829131 6.7373E-09 0.0000E+00 0.0000E+00                       0.0000E+00            6.7373E-09                     0.002 1.0000               106.576
  863.00 0.99818039 7.1555E-09 0.0000E+00 0.0000E+00                       0.0000E+00            7.1555E-09                     0.002 1.0000               107.222
  864.00 0.99717826 1.1067E-08 0.0000E+00 0.0000E+00                       0.0000E+00            1.1067E-08                     0.003 1.0000               111.512
  865.00 0.98815435 4.6336E-08 0.0000E+00 0.0000E+00                       0.0000E+00            4.6336E-08                     0.012 1.0000               128.049
  866.00 0.99790967 8.1548E-09 0.0000E+00 0.0000E+00                       0.0000E+00            8.1548E-09                     0.002 1.0000               108.724
  867.00 0.99774361 8.7792E-09 0.0000E+00 0.0000E+00                       0.0000E+00            8.7792E-09                     0.002 1.0000               109.522
  868.00 0.99754864 9.5118E-09 0.0000E+00 0.0000E+00                       0.0000E+00            9.5118E-09                     0.002 1.0000               110.392
  869.00 0.99734557 1.0272E-08 0.0000E+00 0.0000E+00                       0.0000E+00            1.0272E-08                     0.003 1.0000               111.241
  870.00 0.99745792 9.8106E-09 0.0000E+00 0.0000E+00                       0.0000E+00            9.8106E-09                     0.003 1.0000               110.881
  871.00 0.97319216 1.0318E-07 0.0000E+00 0.0000E+00                       0.0000E+00            1.0318E-07                     0.027 1.0000               140.184
  872.00 0.99656087 1.3202E-08 0.0000E+00 0.0000E+00                       0.0000E+00            1.3202E-08                     0.003 1.0000               114.066
  873.00 0.99708116 1.1174E-08 0.0000E+00 0.0000E+00                       0.0000E+00            1.1174E-08                     0.003 1.0000               112.457
  874.00 0.99712777 1.0966E-08 0.0000E+00 0.0000E+00                       0.0000E+00            1.0966E-08                     0.003 1.0000               112.362
  875.00 0.99703014 1.1308E-08 0.0000E+00 0.0000E+00                       0.0000E+00            1.1308E-08                     0.003 1.0000               112.766
  876.00 0.99667007 1.2645E-08 0.0000E+00 0.0000E+00                       0.0000E+00            1.2645E-08                     0.003 1.0000               114.001
  877.00 0.99672794 1.2392E-08 0.0000E+00 0.0000E+00                       0.0000E+00            1.2392E-08                     0.003 1.0000               113.887
  878.00 0.99569559 1.6256E-08 0.0000E+00 0.0000E+00                       0.0000E+00            1.6256E-08                     0.004 1.0000               116.844
  879.00 0.98336744 6.2644E-08 0.0000E+00 0.0000E+00                       0.0000E+00            6.2644E-08                     0.017 1.0000               133.604
  880.00 0.99658281 1.2836E-08 0.0000E+00 0.0000E+00                       0.0000E+00            1.2836E-08                     0.003 1.0000               114.535
  881.00 0.99136186 3.2357E-08 0.0000E+00 0.0000E+00                       0.0000E+00            3.2357E-08                     0.009 1.0000               125.089
  882.00 0.99579525 1.5707E-08 0.0000E+00 0.0000E+00                       0.0000E+00            1.5707E-08                     0.004 1.0000               116.857
  883.00 0.99473524 1.9613E-08 0.0000E+00 0.0000E+00                       0.0000E+00            1.9613E-08                     0.005 1.0000               119.394
  884.00 0.98673069 4.9297E-08 0.0000E+00 0.0000E+00                       0.0000E+00            4.9297E-08                     0.013 1.0000               130.818
  885.00 0.99567437 1.6027E-08 0.0000E+00 0.0000E+00                       0.0000E+00            1.6027E-08                     0.004 1.0000               117.362
  886.00 0.99585432 1.5317E-08 0.0000E+00 0.0000E+00                       0.0000E+00            1.5317E-08                     0.004 1.0000               116.970
  887.00 0.96306747 1.3607E-07 0.0000E+00 0.0000E+00                       0.0000E+00            1.3607E-07                     0.038 1.0000               146.395
  888.00 0.99421090 2.1272E-08 0.0000E+00 0.0000E+00                       0.0000E+00            2.1272E-08                     0.006 1.0000               120.799
  889.00 0.99175632 3.0207E-08 0.0000E+00 0.0000E+00                       0.0000E+00            3.0207E-08                     0.008 1.0000               125.041
  890.00 0.99470764 1.9339E-08 0.0000E+00 0.0000E+00                       0.0000E+00            1.9339E-08                     0.005 1.0000               119.915
  891.00 0.99379396 2.2615E-08 0.0000E+00 0.0000E+00                       0.0000E+00            2.2615E-08                     0.006 1.0000               121.796
  892.00 0.99523777 1.7306E-08 0.0000E+00 0.0000E+00                       0.0000E+00            1.7306E-08                     0.005 1.0000               118.873
  893.00 0.99582851 1.5117E-08 0.0000E+00 0.0000E+00                       0.0000E+00            1.5117E-08                     0.004 1.0000               117.498
  894.00 0.99632496 1.3281E-08 0.0000E+00 0.0000E+00                       0.0000E+00            1.3281E-08                     0.004 1.0000               116.218
  895.00 0.99575931 1.5283E-08 0.0000E+00 0.0000E+00                       0.0000E+00            1.5283E-08                     0.004 1.0000               117.806
  896.00 0.99511868 1.7542E-08 0.0000E+00 0.0000E+00                       0.0000E+00            1.7542E-08                     0.005 1.0000               119.408
  897.00 0.99633604 1.3130E-08 0.0000E+00 0.0000E+00                       0.0000E+00            1.3130E-08                     0.004 1.0000               116.382
  898.00 0.99624205 1.3430E-08 0.0000E+00 0.0000E+00                       0.0000E+00            1.3430E-08                     0.004 1.0000               116.714
  899.00 0.99657267 1.2214E-08 0.0000E+00 0.0000E+00                       0.0000E+00            1.2214E-08                     0.003 1.0000               115.816
  900.00 0.99672258 1.1647E-08 0.0000E+00 0.0000E+00                       0.0000E+00            1.1647E-08                     0.003 1.0000               115.419
  901.00 0.99723387 9.8025E-09 0.0000E+00 0.0000E+00                       0.0000E+00            9.8025E-09                     0.003 1.0000               113.766
  902.00 0.99664384 1.1860E-08 0.0000E+00 0.0000E+00                       0.0000E+00            1.1860E-08                     0.003 1.0000               115.794
  903.00 0.99702686 1.0477E-08 0.0000E+00 0.0000E+00                       0.0000E+00            1.0477E-08                     0.003 1.0000               114.620
  904.00 0.99646366 1.2427E-08 0.0000E+00 0.0000E+00                       0.0000E+00            1.2427E-08                     0.004 1.0000               116.467
  905.00 0.99598098 1.4083E-08 0.0000E+00 0.0000E+00                       0.0000E+00            1.4083E-08                     0.004 1.0000               117.881
  906.00 0.99496257 1.7602E-08 0.0000E+00 0.0000E+00                       0.0000E+00            1.7602E-08                     0.005 1.0000               120.407
  907.00 0.99539280 1.6053E-08 0.0000E+00 0.0000E+00                       0.0000E+00            1.6053E-08                     0.005 1.0000               119.486
  908.00 0.99452281 1.9030E-08 0.0000E+00 0.0000E+00                       0.0000E+00            1.9030E-08                     0.005 1.0000               121.474
  909.00 0.97139108 9.9115E-08 0.0000E+00 0.0000E+00                       0.0000E+00            9.9115E-08                     0.029 1.0000               143.596
  910.00 0.99285662 2.4679E-08 0.0000E+00 0.0000E+00                       0.0000E+00            2.4679E-08                     0.007 1.0000               124.678
  911.00 0.99327135 2.3180E-08 0.0000E+00 0.0000E+00                       0.0000E+00            2.3180E-08                     0.007 1.0000               124.036
  912.00 0.99223375 2.6678E-08 0.0000E+00 0.0000E+00                       0.0000E+00            2.6678E-08                     0.008 1.0000               125.806
  913.00 0.99207306 2.7153E-08 0.0000E+00 0.0000E+00                       0.0000E+00            2.7153E-08                     0.008 1.0000               126.118
  914.00 0.99024969 3.3304E-08 0.0000E+00 0.0000E+00                       0.0000E+00            3.3304E-08                     0.010 1.0000               128.739
  915.00 0.99137402 2.9379E-08 0.0000E+00 0.0000E+00                       0.0000E+00            2.9379E-08                     0.009 1.0000               127.277
  916.00 0.99135375 2.9364E-08 0.0000E+00 0.0000E+00                       0.0000E+00            2.9364E-08                     0.009 1.0000               127.369
  917.00 0.99067628 3.1574E-08 0.0000E+00 0.0000E+00                       0.0000E+00            3.1574E-08                     0.009 1.0000               128.368
  918.00 0.99082464 3.0983E-08 0.0000E+00 0.0000E+00                       0.0000E+00            3.0983E-08                     0.009 1.0000               128.231
  919.00 0.99061131 3.1612E-08 0.0000E+00 0.0000E+00                       0.0000E+00            3.1612E-08                     0.009 1.0000               128.581
  920.00 0.99100500 3.0200E-08 0.0000E+00 0.0000E+00                       0.0000E+00            3.0200E-08                     0.009 1.0000               128.111
  921.00 0.98622262 4.6124E-08 0.0000E+00 0.0000E+00                       0.0000E+00            4.6124E-08                     0.014 1.0000               133.687
  922.00 0.97633439 7.8998E-08 0.0000E+00 0.0000E+00                       0.0000E+00            7.8998E-08                     0.024 1.0000               141.465
  923.00 0.98116535 6.2691E-08 0.0000E+00 0.0000E+00                       0.0000E+00            6.2691E-08                     0.019 1.0000               138.164
  924.00 0.99408472 1.9632E-08 0.0000E+00 0.0000E+00                       0.0000E+00            1.9632E-08                     0.006 1.0000               123.370
  925.00 0.97524363 8.1926E-08 0.0000E+00 0.0000E+00                       0.0000E+00            8.1926E-08                     0.025 1.0000               142.330
  926.00 0.99117154 2.9132E-08 0.0000E+00 0.0000E+00                       0.0000E+00            2.9132E-08                     0.009 1.0000               128.257
  927.00 0.98685062 4.3265E-08 0.0000E+00 0.0000E+00                       0.0000E+00            4.3265E-08                     0.013 1.0000               133.435
  928.00 0.99060935 3.0808E-08 0.0000E+00 0.0000E+00                       0.0000E+00            3.0808E-08                     0.009 1.0000               129.150
  929.00 0.98426288 5.1479E-08 0.0000E+00 0.0000E+00                       0.0000E+00            5.1479E-08                     0.016 1.0000               135.999
  930.00 0.99034512 3.1491E-08 0.0000E+00 0.0000E+00                       0.0000E+00            3.1491E-08                     0.010 1.0000               129.622
  931.00 0.98431110 5.1023E-08 0.0000E+00 0.0000E+00                       0.0000E+00            5.1023E-08                     0.016 1.0000               136.080
  932.00 0.99222529 2.5212E-08 0.0000E+00 0.0000E+00                       0.0000E+00            2.5212E-08                     0.008 1.0000               127.083
  933.00 0.98533833 4.7406E-08 0.0000E+00 0.0000E+00                       0.0000E+00            4.7406E-08                     0.015 1.0000               135.273
  934.00 0.99516821 1.5577E-08 0.0000E+00 0.0000E+00                       0.0000E+00            1.5577E-08                     0.005 1.0000               121.727
  935.00 0.98501199 4.8179E-08 0.0000E+00 0.0000E+00                       0.0000E+00            4.8179E-08                     0.015 1.0000               135.697
  936.00 0.99686515 1.0048E-08 0.0000E+00 0.0000E+00                       0.0000E+00            1.0048E-08                     0.003 1.0000               117.262
  937.00 0.98395032 5.1290E-08 0.0000E+00 0.0000E+00                       0.0000E+00            5.1290E-08                     0.016 1.0000               136.761
  938.00 0.99785429 6.8370E-09 0.0000E+00 0.0000E+00                       0.0000E+00            6.8370E-09                     0.002 1.0000               113.640
  939.00 0.98255384 5.5426E-08 0.0000E+00 0.0000E+00                       0.0000E+00            5.5426E-08                     0.018 1.0000               138.050
  940.00 0.99776816 7.0698E-09 0.0000E+00 0.0000E+00                       0.0000E+00            7.0698E-09                     0.002 1.0000               114.143
  941.00 0.98023176 6.2434E-08 0.0000E+00 0.0000E+00                       0.0000E+00            6.2434E-08                     0.020 1.0000               139.955
  942.00 0.97787887 6.9660E-08 0.0000E+00 0.0000E+00                       0.0000E+00            6.9660E-08                     0.022 1.0000               141.661
  943.00 0.99732602 8.3956E-09 0.0000E+00 0.0000E+00                       0.0000E+00            8.3956E-09                     0.003 1.0000               116.098
  944.00 0.97548884 7.6731E-08 0.0000E+00 0.0000E+00                       0.0000E+00            7.6731E-08                     0.025 1.0000               143.315
  945.00 0.99697399 9.4448E-09 0.0000E+00 0.0000E+00                       0.0000E+00            9.4448E-09                     0.003 1.0000               117.464
  946.00 0.97365087 8.1998E-08 0.0000E+00 0.0000E+00                       0.0000E+00            8.1998E-08                     0.027 1.0000               144.534
  947.00 0.99651563 1.0811E-08 0.0000E+00 0.0000E+00                       0.0000E+00            1.0811E-08                     0.003 1.0000               119.037
  948.00 0.95428044 1.4144E-07 0.0000E+00 0.0000E+00                       0.0000E+00            1.4144E-07                     0.047 1.0000               153.629
  949.00 0.97460997 7.8313E-08 0.0000E+00 0.0000E+00                       0.0000E+00            7.8313E-08                     0.026 1.0000               144.143
  950.00 0.99751818 7.6327E-09 0.0000E+00 0.0000E+00                       0.0000E+00            7.6327E-09                     0.002 1.0000               115.796
  951.00 0.97308069 8.2538E-08 0.0000E+00 0.0000E+00                       0.0000E+00            8.2538E-08                     0.027 1.0000               145.155
  952.00 0.99785584 6.5548E-09 0.0000E+00 0.0000E+00                       0.0000E+00            6.5548E-09                     0.002 1.0000               114.501
  953.00 0.97224063 8.4607E-08 0.0000E+00 0.0000E+00                       0.0000E+00            8.4607E-08                     0.028 1.0000               145.746
  954.00 0.99741048 7.8694E-09 0.0000E+00 0.0000E+00                       0.0000E+00            7.8694E-09                     0.003 1.0000               116.460
  955.00 0.97392350 7.9005E-08 0.0000E+00 0.0000E+00                       0.0000E+00            7.9005E-08                     0.026 1.0000               144.900
  956.00 0.98056066 5.8721E-08 0.0000E+00 0.0000E+00                       0.0000E+00            5.8721E-08                     0.020 1.0000               140.606
  957.00 0.99825776 5.2474E-09 0.0000E+00 0.0000E+00                       0.0000E+00            5.2474E-09                     0.002 1.0000               112.856
  958.00 0.98675752 3.9763E-08 0.0000E+00 0.0000E+00                       0.0000E+00            3.9763E-08                     0.013 1.0000               135.417
  959.00 0.99228305 2.3103E-08 0.0000E+00 0.0000E+00                       0.0000E+00            2.3103E-08                     0.008 1.0000               128.655
  960.00 0.99777305 6.6468E-09 0.0000E+00 0.0000E+00                       0.0000E+00            6.6468E-09                     0.002 1.0000               115.356
  961.00 0.99872833 3.7843E-09 0.0000E+00 0.0000E+00                       0.0000E+00            3.7843E-09                     0.001 1.0000               110.260
  962.00 0.99552244 1.3284E-08 0.0000E+00 0.0000E+00                       0.0000E+00            1.3284E-08                     0.004 1.0000               122.624
  963.00 0.98948926 3.1090E-08 0.0000E+00 0.0000E+00                       0.0000E+00            3.1090E-08                     0.011 1.0000               132.712
  964.00 0.99792331 6.1242E-09 0.0000E+00 0.0000E+00                       0.0000E+00            6.1242E-09                     0.002 1.0000               114.931
  965.00 0.98349977 4.8512E-08 0.0000E+00 0.0000E+00                       0.0000E+00            4.8512E-08                     0.017 1.0000               138.820
  966.00 0.97814757 6.4053E-08 0.0000E+00 0.0000E+00                       0.0000E+00            6.4053E-08                     0.022 1.0000               142.890
  967.00 0.99523634 1.3921E-08 0.0000E+00 0.0000E+00                       0.0000E+00            1.3921E-08                     0.005 1.0000               123.603
  968.00 0.97532660 7.1885E-08 0.0000E+00 0.0000E+00                       0.0000E+00            7.1885E-08                     0.025 1.0000               144.811
  969.00 0.97245491 8.0008E-08 0.0000E+00 0.0000E+00                       0.0000E+00            8.0008E-08                     0.028 1.0000               146.544
  970.00 0.99639291 1.0446E-08 0.0000E+00 0.0000E+00                       0.0000E+00            1.0446E-08                     0.004 1.0000               120.805
  971.00 0.97036791 8.5548E-08 0.0000E+00 0.0000E+00                       0.0000E+00            8.5548E-08                     0.030 1.0000               147.790
  972.00 0.96940225 8.8067E-08 0.0000E+00 0.0000E+00                       0.0000E+00            8.8067E-08                     0.031 1.0000               148.350
  973.00 0.96893996 8.9126E-08 0.0000E+00 0.0000E+00                       0.0000E+00            8.9126E-08                     0.032 1.0000               148.642
  974.00 0.99241269 2.1706E-08 0.0000E+00 0.0000E+00                       0.0000E+00            2.1706E-08                     0.008 1.0000               129.354
  975.00 0.97262436 7.8077E-08 0.0000E+00 0.0000E+00                       0.0000E+00            7.8077E-08                     0.028 1.0000               146.789
  976.00 0.96703202 9.3738E-08 0.0000E+00 0.0000E+00                       0.0000E+00            9.3738E-08                     0.034 1.0000               149.756
  977.00 0.97311121 7.6221E-08 0.0000E+00 0.0000E+00                       0.0000E+00            7.6221E-08                     0.027 1.0000               146.627
  978.00 0.97859162 6.0501E-08 0.0000E+00 0.0000E+00                       0.0000E+00            6.0501E-08                     0.022 1.0000               143.279
  979.00 0.99399394 1.6922E-08 0.0000E+00 0.0000E+00                       0.0000E+00            1.6922E-08                     0.006 1.0000               126.921
  980.00 0.98003507 5.6077E-08 0.0000E+00 0.0000E+00                       0.0000E+00            5.6077E-08                     0.020 1.0000               142.382
  981.00 0.98115885 5.2759E-08 0.0000E+00 0.0000E+00                       0.0000E+00            5.2759E-08                     0.019 1.0000               141.612
  982.00 0.98266339 4.8397E-08 0.0000E+00 0.0000E+00                       0.0000E+00            4.8397E-08                     0.017 1.0000               140.497
  983.00 0.98480427 4.2290E-08 0.0000E+00 0.0000E+00                       0.0000E+00            4.2290E-08                     0.015 1.0000               138.737
  984.00 0.98622251 3.8225E-08 0.0000E+00 0.0000E+00                       0.0000E+00            3.8225E-08                     0.014 1.0000               137.474
  985.00 0.98535895 4.0496E-08 0.0000E+00 0.0000E+00                       0.0000E+00            4.0496E-08                     0.015 1.0000               138.348
  986.00 0.99014872 2.7164E-08 0.0000E+00 0.0000E+00                       0.0000E+00            2.7164E-08                     0.010 1.0000               133.255
  987.00 0.98441851 4.2832E-08 0.0000E+00 0.0000E+00                       0.0000E+00            4.2832E-08                     0.016 1.0000               139.309
  988.00 0.98669249 3.6469E-08 0.0000E+00 0.0000E+00                       0.0000E+00            3.6469E-08                     0.013 1.0000               137.244
  989.00 0.98054141 5.3160E-08 0.0000E+00 0.0000E+00                       0.0000E+00            5.3160E-08                     0.020 1.0000               142.526
  990.00 0.98169214 4.9862E-08 0.0000E+00 0.0000E+00                       0.0000E+00            4.9862E-08                     0.018 1.0000               141.718
  991.00 0.98555660 3.9215E-08 0.0000E+00 0.0000E+00                       0.0000E+00            3.9215E-08                     0.015 1.0000               138.510
  992.00 0.97301960 7.3026E-08 0.0000E+00 0.0000E+00                       0.0000E+00            7.3026E-08                     0.027 1.0000               147.516
  993.00 0.97485030 6.7860E-08 0.0000E+00 0.0000E+00                       0.0000E+00            6.7860E-08                     0.025 1.0000               146.508
  994.00 0.97024763 8.0029E-08 0.0000E+00 0.0000E+00                       0.0000E+00            8.0029E-08                     0.030 1.0000               149.131
  995.00 0.97391272 6.9953E-08 0.0000E+00 0.0000E+00                       0.0000E+00            6.9953E-08                     0.026 1.0000               147.170
  996.00 0.96379495 9.6780E-08 0.0000E+00 0.0000E+00                       0.0000E+00            9.6780E-08                     0.037 1.0000               152.355
  997.00 0.95537794 1.1891E-07 0.0000E+00 0.0000E+00                       0.0000E+00            1.1891E-07                     0.046 1.0000               155.871
  998.00 0.94647771 1.4219E-07 0.0000E+00 0.0000E+00                       0.0000E+00            1.4219E-07                     0.055 1.0000               159.064
  999.00 0.95727777 1.1314E-07 0.0000E+00 0.0000E+00                       0.0000E+00            1.1314E-07                     0.044 1.0000               155.243
 1000.00 0.93535829 1.7066E-07 0.0000E+00 0.0000E+00                       0.0000E+00            1.7066E-07                     0.067 1.0000               162.561
 1001.00 0.93701994 1.6575E-07 0.0000E+00 0.0000E+00                       0.0000E+00            1.6575E-07                     0.065 1.0000               162.134
 1002.00 0.91282308 2.2872E-07 0.0000E+00 0.0000E+00                       0.0000E+00            2.2872E-07                     0.091 1.0000               168.341
 1003.00 0.92222351 2.0342E-07 0.0000E+00 0.0000E+00                       0.0000E+00            2.0342E-07                     0.081 1.0000               166.176
 1004.00 0.91270810 2.2759E-07 0.0000E+00 0.0000E+00                       0.0000E+00            2.2759E-07                     0.091 1.0000               168.462
 1005.00 0.88433301 3.0062E-07 0.0000E+00 0.0000E+00                       0.0000E+00            3.0062E-07                     0.123 1.0000               174.222
 1006.00 0.88513720 2.9759E-07 0.0000E+00 0.0000E+00                       0.0000E+00            2.9759E-07                     0.122 1.0000               174.121
 1007.00 0.85219657 3.8173E-07 0.0000E+00 0.0000E+00                       0.0000E+00            3.8173E-07                     0.160 1.0000               179.608
 1008.00 0.85352105 3.7712E-07 0.0000E+00 0.0000E+00                       0.0000E+00            3.7712E-07                     0.158 1.0000               179.450
 1009.00 0.87994987 3.0811E-07 0.0000E+00 0.0000E+00                       0.0000E+00            3.0811E-07                     0.128 1.0000               175.183
 1010.00 0.79348540 5.2835E-07 0.0000E+00 0.0000E+00                       0.0000E+00            5.2835E-07                     0.231 1.0000               187.487
 1011.00 0.81300867 4.7689E-07 0.0000E+00 0.0000E+00                       0.0000E+00            4.7689E-07                     0.207 1.0000               185.155
 1012.00 0.77270418 5.7785E-07 0.0000E+00 0.0000E+00                       0.0000E+00            5.7785E-07                     0.258 1.0000               189.906
 1013.00 0.79498780 5.1956E-07 0.0000E+00 0.0000E+00                       0.0000E+00            5.1956E-07                     0.229 1.0000               187.423
 1014.00 0.72030073 7.0659E-07 0.0000E+00 0.0000E+00                       0.0000E+00            7.0659E-07                     0.328 1.0000               195.250
 1015.00 0.76173663 6.0001E-07 0.0000E+00 0.0000E+00                       0.0000E+00            6.0001E-07                     0.272 1.0000               191.186
 1016.00 0.73332286 6.6943E-07 0.0000E+00 0.0000E+00                       0.0000E+00            6.6943E-07                     0.310 1.0000               194.080
 1017.00 0.71519578 7.1267E-07 0.0000E+00 0.0000E+00                       0.0000E+00            7.1267E-07                     0.335 1.0000               195.820
 1018.00 0.67688364 8.0597E-07 0.0000E+00 0.0000E+00                       0.0000E+00            8.0597E-07                     0.390 1.0000               199.212
 1019.00 0.63134682 9.1664E-07 0.0000E+00 0.0000E+00                       0.0000E+00            9.1664E-07                     0.460 1.0000               202.875
 1020.00 0.67856264 7.9670E-07 0.0000E+00 0.0000E+00                       0.0000E+00            7.9670E-07                     0.388 1.0000               199.131
 1021.00 0.60243028 9.8226E-07 0.0000E+00 0.0000E+00                       0.0000E+00            9.8226E-07                     0.507 1.0000               205.066
 1022.00 0.62610501 9.2083E-07 0.0000E+00 0.0000E+00                       0.0000E+00            9.2083E-07                     0.468 1.0000               203.352
 1023.00 0.57175130 1.0513E-06 0.0000E+00 0.0000E+00                       0.0000E+00            1.0513E-06                     0.559 1.0000               207.263
 1024.00 0.63205099 9.0041E-07 0.0000E+00 0.0000E+00                       0.0000E+00            9.0041E-07                     0.459 1.0000               202.957
 1025.00 0.55755317 1.0793E-06 0.0000E+00 0.0000E+00                       0.0000E+00            1.0793E-06                     0.584 1.0000               208.265
 1026.00 0.63239545 8.9384E-07 0.0000E+00 0.0000E+00                       0.0000E+00            8.9384E-07                     0.458 1.0000               202.985
 1027.00 0.55031604 1.0899E-06 0.0000E+00 0.0000E+00                       0.0000E+00            1.0899E-06                     0.597 1.0000               208.788
 1028.00 0.60360861 9.5767E-07 0.0000E+00 0.0000E+00                       0.0000E+00            9.5767E-07                     0.505 1.0000               205.160
 1029.00 0.55828047 1.0638E-06 0.0000E+00 0.0000E+00                       0.0000E+00            1.0638E-06                     0.583 1.0000               208.309
 1030.00 0.57689339 1.0157E-06 0.0000E+00 0.0000E+00                       0.0000E+00            1.0157E-06                     0.550 1.0000               207.080
 1031.00 0.56865269 1.0321E-06 0.0000E+00 0.0000E+00                       0.0000E+00            1.0321E-06                     0.564 1.0000               207.662
 1032.00 0.62567931 8.9280E-07 0.0000E+00 0.0000E+00                       0.0000E+00            8.9280E-07                     0.469 1.0000               203.650
 1033.00 0.57838154 1.0024E-06 0.0000E+00 0.0000E+00                       0.0000E+00            1.0024E-06                     0.548 1.0000               207.050
 1034.00 0.65807945 8.1029E-07 0.0000E+00 0.0000E+00                       0.0000E+00            8.1029E-07                     0.418 1.0000               201.210
 1035.00 0.56111300 1.0367E-06 0.0000E+00 0.0000E+00                       0.0000E+00            1.0367E-06                     0.578 1.0000               208.259
 1036.00 0.60949123 9.1948E-07 0.0000E+00 0.0000E+00                       0.0000E+00            9.1948E-07                     0.495 1.0000               204.940
 1037.00 0.56246126 1.0269E-06 0.0000E+00 0.0000E+00                       0.0000E+00            1.0269E-06                     0.575 1.0000               208.216
 1038.00 0.57794023 9.8737E-07 0.0000E+00 0.0000E+00                       0.0000E+00            9.8737E-07                     0.548 1.0000               207.199
 1039.00 0.48643142 1.1976E-06 0.0000E+00 0.0000E+00                       0.0000E+00            1.1976E-06                     0.721 1.0000               213.012
 1040.00 0.49648249 1.1703E-06 0.0000E+00 0.0000E+00                       0.0000E+00            1.1703E-06                     0.700 1.0000               212.434
 1041.00 0.49497876 1.1700E-06 0.0000E+00 0.0000E+00                       0.0000E+00            1.1700E-06                     0.703 1.0000               212.544
 1042.00 0.73933941 6.0194E-07 0.0000E+00 0.0000E+00                       0.0000E+00            6.0194E-07                     0.302 1.0000               194.350
 1043.00 0.92107111 1.8168E-07 0.0000E+00 0.0000E+00                       0.0000E+00            1.8168E-07                     0.082 1.0000               168.339
 1044.00 0.92948949 1.6178E-07 0.0000E+00 0.0000E+00                       0.0000E+00            1.6178E-07                     0.073 1.0000               166.283
 1045.00 0.77331001 5.1842E-07 0.0000E+00 0.0000E+00                       0.0000E+00            5.1842E-07                     0.257 1.0000               190.999
 1046.00 0.68433291 7.1955E-07 0.0000E+00 0.0000E+00                       0.0000E+00            7.1955E-07                     0.379 1.0000               199.411
 1047.00 0.61509383 8.7452E-07 0.0000E+00 0.0000E+00                       0.0000E+00            8.7452E-07                     0.486 1.0000               204.814
 1048.00 0.50042278 1.1314E-06 0.0000E+00 0.0000E+00                       0.0000E+00            1.1314E-06                     0.692 1.0000               212.356
 1049.00 0.44407633 1.2548E-06 0.0000E+00 0.0000E+00                       0.0000E+00            1.2548E-06                     0.812 1.0000               215.615
 1050.00 0.49744219 1.1307E-06 0.0000E+00 0.0000E+00                       0.0000E+00            1.1307E-06                     0.698 1.0000               212.573
 1051.00 0.41959631 1.3016E-06 0.0000E+00 0.0000E+00                       0.0000E+00            1.3016E-06                     0.868 1.0000               216.981
 1052.00 0.35039532 1.4520E-06 0.0000E+00 0.0000E+00                       0.0000E+00            1.4520E-06                     1.049 1.0000               220.555
 1053.00 0.46961495 1.1817E-06 0.0000E+00 0.0000E+00                       0.0000E+00            1.1817E-06                     0.756 1.0000               214.250
 1054.00 0.38033521 1.3760E-06 0.0000E+00 0.0000E+00                       0.0000E+00            1.3760E-06                     0.967 1.0000               219.079
 1055.00 0.39588565 1.3371E-06 0.0000E+00 0.0000E+00                       0.0000E+00            1.3371E-06                     0.927 1.0000               218.293
 1056.00 0.38951603 1.3468E-06 0.0000E+00 0.0000E+00                       0.0000E+00            1.3468E-06                     0.943 1.0000               218.637
 1057.00 0.46130127 1.1845E-06 0.0000E+00 0.0000E+00                       0.0000E+00            1.1845E-06                     0.774 1.0000               214.792
 1058.00 0.48373926 1.1315E-06 0.0000E+00 0.0000E+00                       0.0000E+00            1.1315E-06                     0.726 1.0000               213.529
 1059.00 0.49588448 1.1012E-06 0.0000E+00 0.0000E+00                       0.0000E+00            1.1012E-06                     0.701 1.0000               212.838
 1060.00 0.56877446 9.3891E-07 0.0000E+00 0.0000E+00                       0.0000E+00            9.3891E-07                     0.564 1.0000               208.320
 1061.00 0.61117607 8.4380E-07 0.0000E+00 0.0000E+00                       0.0000E+00            8.4380E-07                     0.492 1.0000               205.442
 1062.00 0.65449733 7.4732E-07 0.0000E+00 0.0000E+00                       0.0000E+00            7.4732E-07                     0.424 1.0000               202.256
 1063.00 0.70729798 6.3103E-07 0.0000E+00 0.0000E+00                       0.0000E+00            6.3103E-07                     0.346 1.0000               197.942
 1064.00 0.80379719 4.2160E-07 0.0000E+00 0.0000E+00                       0.0000E+00            4.2160E-07                     0.218 1.0000               188.238
 1065.00 0.85027111 3.2067E-07 0.0000E+00 0.0000E+00                       0.0000E+00            3.2067E-07                     0.162 1.0000               182.223
 1066.00 0.82938778 3.6419E-07 0.0000E+00 0.0000E+00                       0.0000E+00            3.6419E-07                     0.187 1.0000               185.133
 1067.00 0.92659408 1.5618E-07 0.0000E+00 0.0000E+00                       0.0000E+00            1.5618E-07                     0.076 1.0000               168.075
 1068.00 0.92534178 1.5832E-07 0.0000E+00 0.0000E+00                       0.0000E+00            1.5832E-07                     0.078 1.0000               168.431
 1069.00 0.92604494 1.5631E-07 0.0000E+00 0.0000E+00                       0.0000E+00            1.5631E-07                     0.077 1.0000               168.301
 1070.00 0.94578481 1.1421E-07 0.0000E+00 0.0000E+00                       0.0000E+00            1.1421E-07                     0.056 1.0000               162.818
 1071.00 0.98038846 4.1175E-08 0.0000E+00 0.0000E+00                       0.0000E+00            4.1175E-08                     0.020 1.0000               147.061
 1072.00 0.94643855 1.1208E-07 0.0000E+00 0.0000E+00                       0.0000E+00            1.1208E-07                     0.055 1.0000               162.703
 1073.00 0.94447315 1.1581E-07 0.0000E+00 0.0000E+00                       0.0000E+00            1.1581E-07                     0.057 1.0000               163.371
 1074.00 0.96791071 6.6701E-08 0.0000E+00 0.0000E+00                       0.0000E+00            6.6701E-08                     0.033 1.0000               154.460
 1075.00 0.93632495 1.3192E-07 0.0000E+00 0.0000E+00                       0.0000E+00            1.3192E-07                     0.066 1.0000               165.863
 1076.00 0.94425040 1.1512E-07 0.0000E+00 0.0000E+00                       0.0000E+00            1.1512E-07                     0.057 1.0000               163.579
 1077.00 0.94696981 1.0914E-07 0.0000E+00 0.0000E+00                       0.0000E+00            1.0914E-07                     0.054 1.0000               162.766
 1078.00 0.98494405 3.0882E-08 0.0000E+00 0.0000E+00                       0.0000E+00            3.0882E-08                     0.015 1.0000               143.806
 1079.00 0.95156789 9.9011E-08 0.0000E+00 0.0000E+00                       0.0000E+00            9.9011E-08                     0.050 1.0000               161.324
 1080.00 0.94875014 1.0442E-07 0.0000E+00 0.0000E+00                       0.0000E+00            1.0442E-07                     0.053 1.0000               162.324
 1081.00 0.94705188 1.0752E-07 0.0000E+00 0.0000E+00                       0.0000E+00            1.0752E-07                     0.054 1.0000               162.924
 1082.00 0.95806623 8.4870E-08 0.0000E+00 0.0000E+00                       0.0000E+00            8.4870E-08                     0.043 1.0000               159.087
 1083.00 0.96495438 7.0688E-08 0.0000E+00 0.0000E+00                       0.0000E+00            7.0688E-08                     0.036 1.0000               156.270
 1084.00 0.98363376 3.2902E-08 0.0000E+00 0.0000E+00                       0.0000E+00            3.2902E-08                     0.017 1.0000               145.235
 1085.00 0.96354151 7.3046E-08 0.0000E+00 0.0000E+00                       0.0000E+00            7.3046E-08                     0.037 1.0000               156.988
 1086.00 0.96721178 6.5473E-08 0.0000E+00 0.0000E+00                       0.0000E+00            6.5473E-08                     0.033 1.0000               155.379
 1087.00 0.97151399 5.6692E-08 0.0000E+00 0.0000E+00                       0.0000E+00            5.6692E-08                     0.029 1.0000               153.285
 1088.00 0.97199082 5.5556E-08 0.0000E+00 0.0000E+00                       0.0000E+00            5.5556E-08                     0.028 1.0000               153.081
 1089.00 0.97836787 4.2763E-08 0.0000E+00 0.0000E+00                       0.0000E+00            4.2763E-08                     0.022 1.0000               149.359
 1090.00 0.97792876 4.3485E-08 0.0000E+00 0.0000E+00                       0.0000E+00            4.3485E-08                     0.022 1.0000               149.696
 1091.00 0.96600384 6.6752E-08 0.0000E+00 0.0000E+00                       0.0000E+00            6.6752E-08                     0.035 1.0000               156.181
 1092.00 0.98274100 3.3775E-08 0.0000E+00 0.0000E+00                       0.0000E+00            3.3775E-08                     0.017 1.0000               146.364
 1093.00 0.98179477 3.5507E-08 0.0000E+00 0.0000E+00                       0.0000E+00            3.5507E-08                     0.018 1.0000               147.145
 1094.00 0.98287112 3.3295E-08 0.0000E+00 0.0000E+00                       0.0000E+00            3.3295E-08                     0.017 1.0000               146.362
 1095.00 0.98039311 3.7983E-08 0.0000E+00 0.0000E+00                       0.0000E+00            3.7983E-08                     0.020 1.0000               148.274
 1096.00 0.98547119 2.8051E-08 0.0000E+00 0.0000E+00                       0.0000E+00            2.8051E-08                     0.015 1.0000               144.257
 1097.00 0.98484135 2.9168E-08 0.0000E+00 0.0000E+00                       0.0000E+00            2.9168E-08                     0.015 1.0000               144.870
 1098.00 0.98309916 3.2410E-08 0.0000E+00 0.0000E+00                       0.0000E+00            3.2410E-08                     0.017 1.0000               146.381
 1099.00 0.98234111 3.3749E-08 0.0000E+00 0.0000E+00                       0.0000E+00            3.3749E-08                     0.018 1.0000               147.029
 1100.00 0.96853161 5.9936E-08 0.0000E+00 0.0000E+00                       0.0000E+00            5.9936E-08                     0.032 1.0000               155.423
 1101.00 0.95869392 7.8407E-08 0.0000E+00 0.0000E+00                       0.0000E+00            7.8407E-08                     0.042 1.0000               159.735
 1102.00 0.97782499 4.1950E-08 0.0000E+00 0.0000E+00                       0.0000E+00            4.1950E-08                     0.022 1.0000               150.357
 1103.00 0.98376083 3.0617E-08 0.0000E+00 0.0000E+00                       0.0000E+00            3.0617E-08                     0.016 1.0000               146.093
 1104.00 0.98411208 2.9853E-08 0.0000E+00 0.0000E+00                       0.0000E+00            2.9853E-08                     0.016 1.0000               145.849
 1105.00 0.98452061 2.8986E-08 0.0000E+00 0.0000E+00                       0.0000E+00            2.8986E-08                     0.016 1.0000               145.552
 1106.00 0.98572266 2.6645E-08 0.0000E+00 0.0000E+00                       0.0000E+00            2.6645E-08                     0.014 1.0000               144.533
 1107.00 0.94370985 1.0469E-07 0.0000E+00 0.0000E+00                       0.0000E+00            1.0469E-07                     0.058 1.0000               165.149
 1108.00 0.98571140 2.6484E-08 0.0000E+00 0.0000E+00                       0.0000E+00            2.6484E-08                     0.014 1.0000               144.644
 1109.00 0.98640752 2.5108E-08 0.0000E+00 0.0000E+00                       0.0000E+00            2.5108E-08                     0.014 1.0000               144.041
 1110.00 0.98789418 2.2286E-08 0.0000E+00 0.0000E+00                       0.0000E+00            2.2286E-08                     0.012 1.0000               142.602
 1111.00 0.98033547 3.6077E-08 0.0000E+00 0.0000E+00                       0.0000E+00            3.6077E-08                     0.020 1.0000               149.107
 1112.00 0.94497025 1.0062E-07 0.0000E+00 0.0000E+00                       0.0000E+00            1.0062E-07                     0.057 1.0000               164.984
 1113.00 0.98546219 2.6490E-08 0.0000E+00 0.0000E+00                       0.0000E+00            2.6490E-08                     0.015 1.0000               145.121
 1114.00 0.98594362 2.5525E-08 0.0000E+00 0.0000E+00                       0.0000E+00            2.5525E-08                     0.014 1.0000               144.730
 1115.00 0.98244160 3.1775E-08 0.0000E+00 0.0000E+00                       0.0000E+00            3.1775E-08                     0.018 1.0000               147.745
 1116.00 0.98933578 1.9233E-08 0.0000E+00 0.0000E+00                       0.0000E+00            1.9233E-08                     0.011 1.0000               141.309
 1117.00 0.98260909 3.1256E-08 0.0000E+00 0.0000E+00                       0.0000E+00            3.1256E-08                     0.018 1.0000               147.714
 1118.00 0.98532611 2.6283E-08 0.0000E+00 0.0000E+00                       0.0000E+00            2.6283E-08                     0.015 1.0000               145.492
 1119.00 0.97701049 4.1035E-08 0.0000E+00 0.0000E+00                       0.0000E+00            4.1035E-08                     0.023 1.0000               151.698
 1120.00 0.99047810 1.6938E-08 0.0000E+00 0.0000E+00                       0.0000E+00            1.6938E-08                     0.010 1.0000               140.117
 1121.00 0.90875548 1.6175E-07 0.0000E+00 0.0000E+00                       0.0000E+00            1.6175E-07                     0.096 1.0000               174.423
 1122.00 0.98144579 3.2778E-08 0.0000E+00 0.0000E+00                       0.0000E+00            3.2778E-08                     0.019 1.0000               148.842
 1123.00 0.98622870 2.4245E-08 0.0000E+00 0.0000E+00                       0.0000E+00            2.4245E-08                     0.014 1.0000               144.910
 1124.00 0.97817218 3.8296E-08 0.0000E+00 0.0000E+00                       0.0000E+00            3.8296E-08                     0.022 1.0000               151.202
 1125.00 0.98737830 2.2068E-08 0.0000E+00 0.0000E+00                       0.0000E+00            2.2068E-08                     0.013 1.0000               143.885
 1126.00 0.98051715 3.3947E-08 0.0000E+00 0.0000E+00                       0.0000E+00            3.3947E-08                     0.020 1.0000               149.709
 1127.00 0.98541510 2.5325E-08 0.0000E+00 0.0000E+00                       0.0000E+00            2.5325E-08                     0.015 1.0000               145.857
 1128.00 0.98584992 2.4485E-08 0.0000E+00 0.0000E+00                       0.0000E+00            2.4485E-08                     0.014 1.0000               145.510
 1129.00 0.98316061 2.9038E-08 0.0000E+00 0.0000E+00                       0.0000E+00            2.9038E-08                     0.017 1.0000               147.864
 1130.00 0.98529017 2.5278E-08 0.0000E+00 0.0000E+00                       0.0000E+00            2.5278E-08                     0.015 1.0000               146.116
 1131.00 0.98244524 3.0063E-08 0.0000E+00 0.0000E+00                       0.0000E+00            3.0063E-08                     0.018 1.0000               148.523
 1132.00 0.98696107 2.2252E-08 0.0000E+00 0.0000E+00                       0.0000E+00            2.2252E-08                     0.013 1.0000               144.648
 1133.00 0.98486269 2.5744E-08 0.0000E+00 0.0000E+00                       0.0000E+00            2.5744E-08                     0.015 1.0000               146.639
 1134.00 0.98134530 3.1615E-08 0.0000E+00 0.0000E+00                       0.0000E+00            3.1615E-08                     0.019 1.0000               149.496
 1135.00 0.97514647 4.1974E-08 0.0000E+00 0.0000E+00                       0.0000E+00            4.1974E-08                     0.025 1.0000               153.579
 1136.00 0.85283327 2.4769E-07 0.0000E+00 0.0000E+00                       0.0000E+00            2.4769E-07                     0.159 1.0000               184.460
 1137.00 0.93309361 1.1222E-07 0.0000E+00 0.0000E+00                       0.0000E+00            1.1222E-07                     0.069 1.0000               169.434
 1138.00 0.98093522 3.1864E-08 0.0000E+00 0.0000E+00                       0.0000E+00            3.1864E-08                     0.019 1.0000               149.986
 1139.00 0.98271209 2.8794E-08 0.0000E+00 0.0000E+00                       0.0000E+00            2.8794E-08                     0.017 1.0000               148.702
 1140.00 0.98228621 2.9400E-08 0.0000E+00 0.0000E+00                       0.0000E+00            2.9400E-08                     0.018 1.0000               149.078
 1141.00 0.97516149 4.1081E-08 0.0000E+00 0.0000E+00                       0.0000E+00            4.1081E-08                     0.025 1.0000               153.850
 1142.00 0.97840863 3.5587E-08 0.0000E+00 0.0000E+00                       0.0000E+00            3.5587E-08                     0.022 1.0000               151.904
 1143.00 0.97681195 3.8085E-08 0.0000E+00 0.0000E+00                       0.0000E+00            3.8085E-08                     0.023 1.0000               152.959
 1144.00 0.97659278 3.8310E-08 0.0000E+00 0.0000E+00                       0.0000E+00            3.8310E-08                     0.024 1.0000               153.140
 1145.00 0.96069252 6.4109E-08 0.0000E+00 0.0000E+00                       0.0000E+00            6.4109E-08                     0.040 1.0000               160.944
 1146.00 0.97058702 4.7804E-08 0.0000E+00 0.0000E+00                       0.0000E+00            4.7804E-08                     0.030 1.0000               156.556
 1147.00 0.96944159 4.9491E-08 0.0000E+00 0.0000E+00                       0.0000E+00            4.9491E-08                     0.031 1.0000               157.171
 1148.00 0.96522617 5.6121E-08 0.0000E+00 0.0000E+00                       0.0000E+00            5.6121E-08                     0.035 1.0000               159.174
 1149.00 0.90860230 1.4700E-07 0.0000E+00 0.0000E+00                       0.0000E+00            1.4700E-07                     0.096 1.0000               175.558
 1150.00 0.95820785 6.6979E-08 0.0000E+00 0.0000E+00                       0.0000E+00            6.6979E-08                     0.043 1.0000               162.133
 1151.00 0.96009970 6.3721E-08 0.0000E+00 0.0000E+00                       0.0000E+00            6.3721E-08                     0.041 1.0000               161.444
 1152.00 0.91221571 1.3971E-07 0.0000E+00 0.0000E+00                       0.0000E+00            1.3971E-07                     0.092 1.0000               174.926
 1153.00 0.93258023 1.0692E-07 0.0000E+00 0.0000E+00                       0.0000E+00            1.0692E-07                     0.070 1.0000               170.227
 1154.00 0.95596522 6.9588E-08 0.0000E+00 0.0000E+00                       0.0000E+00            6.9588E-08                     0.045 1.0000               163.142
 1155.00 0.95527995 7.0423E-08 0.0000E+00 0.0000E+00                       0.0000E+00            7.0423E-08                     0.046 1.0000               163.433
 1156.00 0.95394653 7.2268E-08 0.0000E+00 0.0000E+00                       0.0000E+00            7.2268E-08                     0.047 1.0000               163.949
 1157.00 0.93109310 1.0775E-07 0.0000E+00 0.0000E+00                       0.0000E+00            1.0775E-07                     0.071 1.0000               170.771
 1158.00 0.95498872 7.0136E-08 0.0000E+00 0.0000E+00                       0.0000E+00            7.0136E-08                     0.046 1.0000               163.666
 1159.00 0.95789039 6.5383E-08 0.0000E+00 0.0000E+00                       0.0000E+00            6.5383E-08                     0.043 1.0000               162.645
 1160.00 0.95824683 6.4601E-08 0.0000E+00 0.0000E+00                       0.0000E+00            6.4601E-08                     0.043 1.0000               162.554
 1161.00 0.92610973 1.1392E-07 0.0000E+00 0.0000E+00                       0.0000E+00            1.1392E-07                     0.077 1.0000               172.162
 1162.00 0.96649200 5.1477E-08 0.0000E+00 0.0000E+00                       0.0000E+00            5.1477E-08                     0.034 1.0000               159.232
 1163.00 0.96789169 4.9152E-08 0.0000E+00 0.0000E+00                       0.0000E+00            4.9152E-08                     0.033 1.0000               158.632
 1164.00 0.96803433 4.8761E-08 0.0000E+00 0.0000E+00                       0.0000E+00            4.8761E-08                     0.032 1.0000               158.609
 1165.00 0.87700576 1.8696E-07 0.0000E+00 0.0000E+00                       0.0000E+00            1.8696E-07                     0.131 1.0000               181.846
 1166.00 0.94004518 9.0814E-08 0.0000E+00 0.0000E+00                       0.0000E+00            9.0814E-08                     0.062 1.0000               168.737
 1167.00 0.98450810 2.3382E-08 0.0000E+00 0.0000E+00                       0.0000E+00            2.3382E-08                     0.016 1.0000               148.569
 1168.00 0.98746109 1.8858E-08 0.0000E+00 0.0000E+00                       0.0000E+00            1.8858E-08                     0.013 1.0000               145.887
 1169.00 0.98262674 2.6036E-08 0.0000E+00 0.0000E+00                       0.0000E+00            2.6036E-08                     0.018 1.0000               150.184
 1170.00 0.97666079 3.4853E-08 0.0000E+00 0.0000E+00                       0.0000E+00            3.4853E-08                     0.024 1.0000               154.295
 1171.00 0.97351593 3.9408E-08 0.0000E+00 0.0000E+00                       0.0000E+00            3.9408E-08                     0.027 1.0000               156.148
 1172.00 0.95585281 6.5460E-08 0.0000E+00 0.0000E+00                       0.0000E+00            6.5460E-08                     0.045 1.0000               163.953
 1173.00 0.96235973 5.5610E-08 0.0000E+00 0.0000E+00                       0.0000E+00            5.5610E-08                     0.038 1.0000               161.492
 1174.00 0.91563249 1.2421E-07 0.0000E+00 0.0000E+00                       0.0000E+00            1.2421E-07                     0.088 1.0000               175.047
 1175.00 0.81563789 2.7046E-07 0.0000E+00 0.0000E+00                       0.0000E+00            2.7046E-07                     0.204 1.0000               190.506
 1176.00 0.95472115 6.6188E-08 0.0000E+00 0.0000E+00                       0.0000E+00            6.6188E-08                     0.046 1.0000               164.526
 1177.00 0.93145347 9.9843E-08 0.0000E+00 0.0000E+00                       0.0000E+00            9.9843E-08                     0.071 1.0000               171.478
 1178.00 0.95313454 6.8020E-08 0.0000E+00 0.0000E+00                       0.0000E+00            6.8020E-08                     0.048 1.0000               165.162
 1179.00 0.95394021 6.6612E-08 0.0000E+00 0.0000E+00                       0.0000E+00            6.6612E-08                     0.047 1.0000               164.926
 1180.00 0.95791876 6.0641E-08 0.0000E+00 0.0000E+00                       0.0000E+00            6.0641E-08                     0.043 1.0000               163.532
 1181.00 0.94553280 7.8209E-08 0.0000E+00 0.0000E+00                       0.0000E+00            7.8209E-08                     0.056 1.0000               167.740
 1182.00 0.95663786 6.2041E-08 0.0000E+00 0.0000E+00                       0.0000E+00            6.2041E-08                     0.044 1.0000               164.090
 1183.00 0.95971692 5.7430E-08 0.0000E+00 0.0000E+00                       0.0000E+00            5.7430E-08                     0.041 1.0000               162.974
 1184.00 0.93402052 9.3727E-08 0.0000E+00 0.0000E+00                       0.0000E+00            9.3727E-08                     0.068 1.0000               171.094
 1185.00 0.96079755 5.5488E-08 0.0000E+00 0.0000E+00                       0.0000E+00            5.5488E-08                     0.040 1.0000               162.635
 1186.00 0.95672190 6.1039E-08 0.0000E+00 0.0000E+00                       0.0000E+00            6.1039E-08                     0.044 1.0000               164.226
 1187.00 0.75569355 3.4333E-07 0.0000E+00 0.0000E+00                       0.0000E+00            3.4333E-07                     0.280 1.0000               197.073
 1188.00 0.96367478 5.0864E-08 0.0000E+00 0.0000E+00                       0.0000E+00            5.0864E-08                     0.037 1.0000               161.589
 1189.00 0.96755868 4.5263E-08 0.0000E+00 0.0000E+00                       0.0000E+00            4.5263E-08                     0.033 1.0000               159.923
 1190.00 0.96732736 4.5422E-08 0.0000E+00 0.0000E+00                       0.0000E+00            4.5422E-08                     0.033 1.0000               160.072
 1191.00 0.93423939 9.1097E-08 0.0000E+00 0.0000E+00                       0.0000E+00            9.1097E-08                     0.068 1.0000               171.312
 1192.00 0.97385770 3.6083E-08 0.0000E+00 0.0000E+00                       0.0000E+00            3.6083E-08                     0.026 1.0000               156.891
 1193.00 0.97202981 3.8467E-08 0.0000E+00 0.0000E+00                       0.0000E+00            3.8467E-08                     0.028 1.0000               157.911
 1194.00 0.97586244 3.3077E-08 0.0000E+00 0.0000E+00                       0.0000E+00            3.3077E-08                     0.024 1.0000               155.843
 1195.00 0.98138833 2.5413E-08 0.0000E+00 0.0000E+00                       0.0000E+00            2.5413E-08                     0.019 1.0000               152.297
 1196.00 0.97899240 2.8581E-08 0.0000E+00 0.0000E+00                       0.0000E+00            2.8581E-08                     0.021 1.0000               153.993
 1197.00 0.98155171 2.5009E-08 0.0000E+00 0.0000E+00                       0.0000E+00            2.5009E-08                     0.019 1.0000               152.268
 1198.00 0.81599391 2.4854E-07 0.0000E+00 0.0000E+00                       0.0000E+00            2.4854E-07                     0.203 1.0000               191.163
 1199.00 0.97398341 3.5014E-08 0.0000E+00 0.0000E+00                       0.0000E+00            3.5014E-08                     0.026 1.0000               157.128
 1200.00 0.98695284 1.7496E-08 0.0000E+00 0.0000E+00                       0.0000E+00            1.7496E-08                     0.013 1.0000               147.881
 1201.00 0.98096198 2.5438E-08 0.0000E+00 0.0000E+00                       0.0000E+00            2.5438E-08                     0.019 1.0000               152.871
 1202.00 0.97590518 3.2078E-08 0.0000E+00 0.0000E+00                       0.0000E+00            3.2078E-08                     0.024 1.0000               156.168
 1203.00 0.98175961 2.4196E-08 0.0000E+00 0.0000E+00                       0.0000E+00            2.4196E-08                     0.018 1.0000               152.384
 1204.00 0.98405313 2.1077E-08 0.0000E+00 0.0000E+00                       0.0000E+00            2.1077E-08                     0.016 1.0000               150.647
 1205.00 0.99342322 8.6612E-09 0.0000E+00 0.0000E+00                       0.0000E+00            8.6612E-09                     0.007 1.0000               139.921
 1206.00 0.97254133 3.6029E-08 0.0000E+00 0.0000E+00                       0.0000E+00            3.6029E-08                     0.028 1.0000               158.205
 1207.00 0.99535656 6.0710E-09 0.0000E+00 0.0000E+00                       0.0000E+00            6.0710E-09                     0.005 1.0000               136.193
 1208.00 0.98625529 1.7905E-08 0.0000E+00 0.0000E+00                       0.0000E+00            1.7905E-08                     0.014 1.0000               148.907
 1209.00 0.98841417 1.5038E-08 0.0000E+00 0.0000E+00                       0.0000E+00            1.5038E-08                     0.012 1.0000               146.804
 1210.00 0.96895868 4.0142E-08 0.0000E+00 0.0000E+00                       0.0000E+00            4.0142E-08                     0.032 1.0000               160.163
 1211.00 0.83010876 2.1891E-07 0.0000E+00 0.0000E+00                       0.0000E+00            2.1891E-07                     0.186 1.0000               189.882
 1212.00 0.74087924 3.3267E-07 0.0000E+00 0.0000E+00                       0.0000E+00            3.3267E-07                     0.300 1.0000               199.063
 1213.00 0.97805172 2.8075E-08 0.0000E+00 0.0000E+00                       0.0000E+00            2.8075E-08                     0.022 1.0000               155.345
 1214.00 0.99350262 8.2811E-09 0.0000E+00 0.0000E+00                       0.0000E+00            8.2811E-09                     0.007 1.0000               140.205
 1215.00 0.97906494 2.6585E-08 0.0000E+00 0.0000E+00                       0.0000E+00            2.6585E-08                     0.021 1.0000               154.781
 1216.00 0.94269001 7.2512E-08 0.0000E+00 0.0000E+00                       0.0000E+00            7.2512E-08                     0.059 1.0000               169.972
 1217.00 0.98173308 2.3028E-08 0.0000E+00 0.0000E+00                       0.0000E+00            2.3028E-08                     0.018 1.0000               153.023
 1218.00 0.95114261 6.1367E-08 0.0000E+00 0.0000E+00                       0.0000E+00            6.1367E-08                     0.050 1.0000               167.457
 1219.00 0.86341494 1.7093E-07 0.0000E+00 0.0000E+00                       0.0000E+00            1.7093E-07                     0.147 1.0000               185.730
 1220.00 0.88966811 1.3757E-07 0.0000E+00 0.0000E+00                       0.0000E+00            1.3757E-07                     0.117 1.0000               181.659
 1221.00 0.92389828 9.4545E-08 0.0000E+00 0.0000E+00                       0.0000E+00            9.4545E-08                     0.079 1.0000               174.972
 1222.00 0.91817594 1.0128E-07 0.0000E+00 0.0000E+00                       0.0000E+00            1.0128E-07                     0.085 1.0000               176.280
 1223.00 0.90997142 1.1103E-07 0.0000E+00 0.0000E+00                       0.0000E+00            1.1103E-07                     0.094 1.0000               178.021
 1224.00 0.95486766 5.5457E-08 0.0000E+00 0.0000E+00                       0.0000E+00            5.5457E-08                     0.046 1.0000               166.437
 1225.00 0.71752769 3.4582E-07 0.0000E+00 0.0000E+00                       0.0000E+00            3.4582E-07                     0.332 1.0000               201.353
 1226.00 0.90023977 1.2169E-07 0.0000E+00 0.0000E+00                       0.0000E+00            1.2169E-07                     0.105 1.0000               179.992
 1227.00 0.98281181 2.0889E-08 0.0000E+00 0.0000E+00                       0.0000E+00            2.0889E-08                     0.017 1.0000               152.652
 1228.00 0.98460609 1.8640E-08 0.0000E+00 0.0000E+00                       0.0000E+00            1.8640E-08                     0.016 1.0000               151.255
 1229.00 0.82024258 2.1686E-07 0.0000E+00 0.0000E+00                       0.0000E+00            2.1686E-07                     0.198 1.0000               191.584
 1230.00 0.84117746 1.9090E-07 0.0000E+00 0.0000E+00                       0.0000E+00            1.9090E-07                     0.173 1.0000               189.079
 1231.00 0.98434603 1.8747E-08 0.0000E+00 0.0000E+00                       0.0000E+00            1.8747E-08                     0.016 1.0000               151.604
 1232.00 0.98693979 1.5583E-08 0.0000E+00 0.0000E+00                       0.0000E+00            1.5583E-08                     0.013 1.0000               149.333
 1233.00 0.93081379 8.2248E-08 0.0000E+00 0.0000E+00                       0.0000E+00            8.2248E-08                     0.072 1.0000               173.772
 1234.00 0.98337412 1.9692E-08 0.0000E+00 0.0000E+00                       0.0000E+00            1.9692E-08                     0.017 1.0000               152.520
 1235.00 0.98474330 1.8004E-08 0.0000E+00 0.0000E+00                       0.0000E+00            1.8004E-08                     0.015 1.0000               151.446
 1236.00 0.78646529 2.5105E-07 0.0000E+00 0.0000E+00                       0.0000E+00            2.5105E-07                     0.240 1.0000               195.414
 1237.00 0.74831039 2.9482E-07 0.0000E+00 0.0000E+00                       0.0000E+00            2.9482E-07                     0.290 1.0000               199.034
 1238.00 0.89445090 1.2318E-07 0.0000E+00 0.0000E+00                       0.0000E+00            1.2318E-07                     0.112 1.0000               181.439
 1239.00 0.84986949 1.7456E-07 0.0000E+00 0.0000E+00                       0.0000E+00            1.7456E-07                     0.163 1.0000               188.223
 1240.00 0.95148355 5.6205E-08 0.0000E+00 0.0000E+00                       0.0000E+00            5.6205E-08                     0.050 1.0000               168.206
 1241.00 0.81012630 2.1915E-07 0.0000E+00 0.0000E+00                       0.0000E+00            2.1915E-07                     0.211 1.0000               193.065
 1242.00 0.84263623 1.8096E-07 0.0000E+00 0.0000E+00                       0.0000E+00            1.8096E-07                     0.171 1.0000               189.253
 1243.00 0.73396003 3.0479E-07 0.0000E+00 0.0000E+00                       0.0000E+00            3.0479E-07                     0.309 1.0000               200.419
 1244.00 0.63897830 4.1207E-07 0.0000E+00 0.0000E+00                       0.0000E+00            4.1207E-07                     0.448 1.0000               207.537
 1245.00 0.75903332 2.7403E-07 0.0000E+00 0.0000E+00                       0.0000E+00            2.7403E-07                     0.276 1.0000               198.271
 1246.00 0.68661261 3.5506E-07 0.0000E+00 0.0000E+00                       0.0000E+00            3.5506E-07                     0.376 1.0000               204.231
 1247.00 0.89918232 1.1380E-07 0.0000E+00 0.0000E+00                       0.0000E+00            1.1380E-07                     0.106 1.0000               180.899
 1248.00 0.65638417 3.8643E-07 0.0000E+00 0.0000E+00                       0.0000E+00            3.8643E-07                     0.421 1.0000               206.436
 1249.00 0.89241338 1.2055E-07 0.0000E+00 0.0000E+00                       0.0000E+00            1.2055E-07                     0.114 1.0000               182.158
 1250.00 0.68436497 3.5234E-07 0.0000E+00 0.0000E+00                       0.0000E+00            3.5234E-07                     0.379 1.0000               204.483
 -9999.
