Reference_Path_Length: 500.000000
	0.299985 	0.449800
	0.309991 	0.490240
	0.320000 	0.515100
	0.330011 	0.535610
	0.340020 	0.553010
	0.350030 	0.570200
	0.360036 	0.584650
	0.370041 	0.600270
	0.380055 	0.612790
	0.390061 	0.625860
	0.400064 	0.637280
	0.410071 	0.647940
	0.420080 	0.657850
	0.430089 	0.667120
	0.440102 	0.675780
	0.450106 	0.683950
	0.460109 	0.691660
	0.470124 	0.698370
	0.480146 	0.704670
	0.490148 	0.712300
	0.500150 	0.718440
	0.510152 	0.723950
	0.520156 	0.729780
	0.530166 	0.734420
	0.540190 	0.739540
	0.550206 	0.744620
	0.560224 	0.750070
	0.570256 	0.751990
	0.580282 	0.757820
	0.590284 	0.744610
	0.600312 	0.766730
	0.610314 	0.774890
	0.620347 	0.778510
	0.630358 	0.770940
	0.640369 	0.786660
	0.650406 	0.790490
	0.660415 	0.789350
	0.670421 	0.799430
	0.680457 	0.802930
	0.690465 	0.804010
	0.700476 	0.801230
	0.710480 	0.811670
	0.720513 	0.791570
	0.730514 	0.573870
	0.740521 	0.822280
	0.750525 	0.826220
	0.760572 	0.201640
	0.770594 	0.817320
	0.780640 	0.835470
	0.790701 	0.837420
	0.800705 	0.824400
	0.810767 	0.840490
	0.820816 	0.841240
	0.830841 	0.832100
	0.840901 	0.849880
	0.850919 	0.852830
	0.860956 	0.855490
	0.871004 	0.856820
	0.881057 	0.859830
	0.891107 	0.861120
	0.901144 	0.717720
	0.911162 	0.827340
	0.921234 	0.845760
	0.931272 	0.487770
	0.941354 	0.337090
	0.951384 	0.740070
	0.961446 	0.825140
	0.971534 	0.829270
	0.981547 	0.847930
	0.991572 	0.878820
	1.001602 	0.881010
	1.011634 	0.882990
	1.021659 	0.879390
	1.031672 	0.886030
	1.041775 	0.887290
	1.051856 	0.887610
	1.061909 	0.885220
	1.071926 	0.879980
	1.082017 	0.883430
	1.092061 	0.881590
	1.102171 	0.709890
	1.112223 	0.709710
	1.122335 	0.105420
	1.132375 	0.420890
	1.142465 	0.750560
	1.152472 	0.537590
	1.162520 	0.666030
	1.172608 	0.885800
	1.182732 	0.763640
	1.192748 	0.843560
	1.202791 	0.882450
	1.212856 	0.902910
	1.222942 	0.905090
	1.233046 	0.891750
	1.243163 	0.908420
	1.253290 	0.904800
	1.263424 	0.889350
	1.273561 	0.898720
	1.283697 	0.908450
	1.293829 	0.869920
	1.303951 	0.777310
	1.314060 	0.802140
	1.324153 	0.496130
	1.334223 	0.714940
	1.344267 	0.154610
	1.354280 	0.000050
	1.364443 	0.000000
	1.374570 	0.000300
	1.384658 	0.000500
	1.394700 	0.000000
	1.404889 	0.000000
	1.415028 	0.008280
	1.425110 	0.210340
	1.435132 	0.226060
	1.445296 	0.041800
	1.455392 	0.014410
	1.465416 	0.126970
	1.475579 	0.354380
	1.485663 	0.443100
	1.495886 	0.508110
	1.506024 	0.911060
	1.516070 	0.912980
	1.526252 	0.907510
	1.536334 	0.923050
	1.546551 	0.925950
	1.556663 	0.937100
	1.566907 	0.933720
	1.577038 	0.919320
	1.587050 	0.934200
	1.597189 	0.928800
	1.607200 	0.936880
	1.617338 	0.939910
	1.627339 	0.940870
	1.637465 	0.940710
	1.647718 	0.939460
	1.657825 	0.931810
	1.668057 	0.940800
	1.678134 	0.942890
	1.688334 	0.944300
	1.698370 	0.944310
	1.708525 	0.746800
	1.718804 	0.943080
	1.728907 	0.784080
	1.739130 	0.938850
	1.749169 	0.913350
	1.759324 	0.935710
	1.769598 	0.710510
	1.779676 	0.758890
	1.789869 	0.844550
	1.800180 	0.053130
	1.810282 	0.104950
	1.820499 	0.000000
	1.830831 	0.000050
	1.840943 	0.000010
	1.851166 	0.000080
	1.861504 	0.001260
	1.871608 	0.000000
	1.881822 	0.000600
	1.892148 	0.000000
	1.902226 	0.000620
	1.912412 	0.000290
	1.922707 	0.040860
	1.932741 	0.018140
	1.942879 	0.243000
	1.953125 	0.110640
	1.963479 	0.057120
	1.973554 	0.711300
	1.983733 	0.916670
	1.994018 	0.601500
	2.004410 	0.207230
	2.014504 	0.499410
	2.024701 	0.696990
	2.035002 	0.938580
	2.045408 	0.921570
	2.055498 	0.648540
	2.065689 	0.697610
	2.075981 	0.881190
	2.086376 	0.915270
	2.096436 	0.955610
	2.106594 	0.940650
	2.116850 	0.958000
	2.127207 	0.953700
	2.137209 	0.959930
	2.147305 	0.958160
	2.157497 	0.958780
	2.167787 	0.956780
	2.178175 	0.955750
	2.188184 	0.877280
	2.198285 	0.695280
	2.208481 	0.956960
	2.218771 	0.959120
	2.229157 	0.957740
	2.239642 	0.955770
	2.249719 	0.952270
	2.259887 	0.952690
	2.270148 	0.945560
	2.280502 	0.942450
	2.290951 	0.943320
	2.300966 	0.927040
	2.311070 	0.957860
	2.321263 	0.939160
	2.331546 	0.904280
	2.341920 	0.658210
	2.352388 	0.405890
	2.362391 	0.933820
	2.372479 	0.874900
	2.382654 	0.786100
	2.392917 	0.874750
	2.403268 	0.876020
	2.413710 	0.595340
	2.424243 	0.339620
	2.434275 	0.623070
	2.444390 	0.762810
	2.454590 	0.108340
	2.464876 	0.680360
	2.475248 	0.379290
	2.485707 	0.420130
	2.496256 	0.264790
	2.506297 	0.003130
	2.516325 	0.000000
	2.526369 	0.000000
	2.536429 	0.000000
	2.546441 	0.000000
	2.556466 	0.000010
	2.566505 	0.000000
	2.576556 	0.000000
	2.586619 	0.000000
	2.596627 	0.000000
	2.606644 	0.000000
	2.616671 	0.000000
	2.626706 	0.000000
	2.636748 	0.000000
	2.646798 	0.000000
	2.656854 	0.000000
	2.666915 	0.000000
	2.676982 	0.000000
	2.687053 	0.000000
	2.697126 	0.000000
	2.707129 	0.000000
	2.717133 	0.000000
	2.727136 	0.000000
	2.737139 	0.000000
	2.747139 	0.000000
	2.757214 	0.000000
	2.767285 	0.000000
	2.777353 	0.000000
	2.787418 	0.000000
	2.797477 	0.000000
	2.807530 	0.000000
	2.817576 	0.000000
	2.827615 	0.000000
	2.837644 	0.000000
	2.847664 	0.000000
	2.857673 	0.002710
	2.867754 	0.008510
	2.877822 	0.000000
	2.887878 	0.000000
	2.897921 	0.271250
	2.907949 	0.097460
	2.917961 	0.139180
	2.928043 	0.427220
	2.938109 	0.000000
	2.948157 	0.008130
	2.958186 	0.000000
	2.968196 	0.000210
	2.978273 	0.186270
	2.988330 	0.481670
	2.998366 	0.145630
	3.008378 	0.008090
	3.018458 	0.000100
	3.028513 	0.669060
	3.038544 	0.005370
	3.048548 	0.000030
	3.058618 	0.533640
	3.068661 	0.427170
	3.078676 	0.561780
	3.088755 	0.226410
	3.098805 	0.008360
	3.108824 	0.000010
	3.118908 	0.671010
	3.128960 	0.000000
	3.138978 	0.025970
	3.149061 	0.534140
	3.159108 	0.543100
	3.169120 	0.616440
	3.179195 	0.741610
	3.189233 	0.543050
	3.199334 	0.022900
	3.209397 	0.000000
	3.219419 	0.324110
	3.229505 	0.000410
	3.239548 	0.142180
	3.249549 	0.036530
	3.259612 	0.069840
	3.269630 	0.406850
	3.279710 	0.000000
	3.289744 	0.774780
	3.299840 	0.000020
	3.309888 	0.513740
	3.319888 	0.000240
	3.329948 	0.422070
	3.339958 	0.128040
	3.350028 	0.763920
	3.360045 	0.761970
	3.370124 	0.686210
	3.380148 	0.051220
	3.390233 	0.914080
	3.400262 	0.861240
	3.410350 	0.819680
	3.420382 	0.941810
	3.430473 	0.947010
	3.440505 	0.500850
	3.450596 	0.950290
	3.460627 	0.879580
	3.470716 	0.916530
	3.480742 	0.883730
	3.490828 	0.898260
	3.500849 	0.952230
	3.510928 	0.913940
	3.520941 	0.915670
	3.531011 	0.890500
	3.541014 	0.702570
	3.551073 	0.939710
	3.561190 	0.958290
	3.571237 	0.928800
	3.581341 	0.802880
	3.591373 	0.941720
	3.601462 	0.936670
	3.611477 	0.908600
	3.621548 	0.956520
	3.631676 	0.420810
	3.641727 	0.960960
	3.651834 	0.933300
	3.661863 	0.751560
	3.671948 	0.356470
	3.681953 	0.619710
	3.692012 	0.930700
	3.702127 	0.965690
	3.712159 	0.943480
	3.722246 	0.928830
	3.732248 	0.954840
	3.742305 	0.918190
	3.752415 	0.937830
	3.762440 	0.934320
	3.772517 	0.951440
	3.782649 	0.950720
	3.792691 	0.943440
	3.802787 	0.945550
	3.812792 	0.711840
	3.822849 	0.965470
	3.832959 	0.945510
	3.842976 	0.958190
	3.853045 	0.954870
	3.863167 	0.941270
	3.873192 	0.931070
	3.883269 	0.865430
	3.893398 	0.934120
	3.903429 	0.935210
	3.913511 	0.938630
	3.923646 	0.859470
	3.933678 	0.937200
	3.943762 	0.945460
	3.953897 	0.940170
	3.963928 	0.941450
	3.974010 	0.933190
	3.984143 	0.933360
	3.994168 	0.928190
	4.004244 	0.917810
	4.014371 	0.914280
	4.024388 	0.901830
	4.034454 	0.898320
	4.044571 	0.881230
	4.054575 	0.878940
	4.064628 	0.870470
	4.074730 	0.860240
	4.084884 	0.847150
	4.094920 	0.838530
	4.105006 	0.813430
	4.115141 	0.815670
	4.125157 	0.809390
	4.135222 	0.795720
	4.145335 	0.772560
	4.155499 	0.745890
	4.165538 	0.708300
	4.175627 	0.626370
	4.185764 	0.143140
	4.195775 	0.000000
	4.205833 	0.000000
	4.215940 	0.000000
	4.226096 	0.000000
	4.236121 	0.000000
	4.246194 	0.000000
	4.256315 	0.000000
	4.266484 	0.000000
	4.276520 	0.000000
	4.286602 	0.000000
	4.296732 	0.000000
	4.306910 	0.000000
	4.316950 	0.000000
	4.327037 	0.000000
	4.337172 	0.000000
	4.347353 	0.000000
	4.357393 	0.000000
	4.367479 	0.000000
	4.377613 	0.000000
	4.387793 	0.000000
	4.397827 	0.000000
	4.407908 	0.000000
	4.418034 	0.000010
	4.428208 	0.029460
	4.438231 	0.000080
	4.448299 	0.024790
	4.458414 	0.007230
	4.468574 	0.026130
	4.478581 	0.043780
	4.488632 	0.063340
	4.498729 	0.404300
	4.508871 	0.147860
	4.519059 	0.444200
	4.529088 	0.500970
	4.539162 	0.515620
	4.549280 	0.516780
	4.559444 	0.463740
	4.569653 	0.624840
	4.579698 	0.664650
	4.589788 	0.837880
	4.599921 	0.813590
	4.610100 	0.271640
	4.620111 	0.897980
	4.630166 	0.899970
	4.640264 	0.824950
	4.650405 	0.908950
	4.660592 	0.240900
	4.670606 	0.914790
	4.680661 	0.371370
	4.690762 	0.847970
	4.700905 	0.885520
	4.711092 	0.765620
	4.721101 	0.899120
	4.731152 	0.799240
	4.741246 	0.892190
	4.751383 	0.892670
	4.761564 	0.554230
	4.771789 	0.825140
	4.781829 	0.670620
	4.791911 	0.614780
	4.802036 	0.727240
	4.812203 	0.278870
	4.822414 	0.493130
	4.832435 	0.776010
	4.842498 	0.000000
	4.852602 	0.022400
	4.862749 	0.787930
	4.872938 	0.450610
	4.883170 	0.796240
	4.893206 	0.026410
	4.903283 	0.623050
	4.913401 	0.747460
	4.923562 	0.852640
	4.933764 	0.004990
	4.944009 	0.113650
	4.954051 	0.000000
	4.964134 	0.407660
	4.974258 	0.644680
	4.984423 	0.693860
	4.994631 	0.746830
	5.004880 	0.342640
	5.014919 	0.094340
	5.024999 	0.072580
	5.035120 	0.301710
	5.045281 	0.587790
	5.055484 	0.694470
	5.065728 	0.680270
	5.075756 	0.314390
	5.085823 	0.000000
	5.095931 	0.343040
	5.106079 	0.495210
	5.116267 	0.002290
	5.126496 	0.398780
	5.136502 	0.000080
	5.146548 	0.000000
	5.156632 	0.072740
	5.166757 	0.345560
	5.176921 	0.316190
	5.187125 	0.011920
	5.197370 	0.000000
	5.207384 	0.000810
	5.217437 	0.000000
	5.227528 	0.074090
	5.237659 	0.000000
	5.247828 	0.077780
	5.258038 	0.000100
	5.268288 	0.134090
	5.278298 	0.000000
	5.288347 	0.000010
	5.298434 	0.003570
	5.308560 	0.008220
	5.318725 	0.116580
	5.328928 	0.000040
	5.339170 	0.005570
	5.349453 	0.000000
	5.359488 	0.000000
	5.369560 	0.020100
	5.379670 	0.000000
	5.389818 	0.049870
	5.400005 	0.007180
	5.410231 	0.000000
	5.420495 	0.000000
	5.430503 	0.000000
	5.440548 	0.000000
	5.450631 	0.000000
	5.460751 	0.000000
	5.470908 	0.000000
	5.481104 	0.000000
	5.491337 	0.000560
	5.501609 	0.000000
	5.511615 	0.001870
	5.521658 	0.000000
	5.531738 	0.000000
	5.541855 	0.000010
	5.552008 	0.000000
	5.562199 	0.000000
	5.572427 	0.000000
	5.582693 	0.000000
	5.592998 	0.000000
	5.603025 	0.000000
	5.613090 	0.000000
	5.623190 	0.000000
	5.633326 	0.000000
	5.643500 	0.000000
	5.653710 	0.000000
	5.663957 	0.000000
	5.674241 	0.000000
	5.684564 	0.000000
	5.694599 	0.000000
	5.704669 	0.000000
	5.714775 	0.000000
	5.724917 	0.000000
	5.735096 	0.000000
	5.745310 	0.000000
	5.755561 	0.000000
	5.765849 	0.000000
	5.776173 	0.000000
	5.786200 	0.000000
	5.796261 	0.000000
	5.806357 	0.000000
	5.816489 	0.000000
	5.826656 	0.000000
	5.836859 	0.000000
	5.847098 	0.000000
	5.857373 	0.000000
	5.867683 	0.000000
	5.877685 	0.000000
	5.887721 	0.000000
	5.897791 	0.000000
	5.907896 	0.000000
	5.918035 	0.000000
	5.928209 	0.000000
	5.938418 	0.000000
	5.948663 	0.000000
	5.958943 	0.000000
	5.969258 	0.000000
	5.979609 	0.000000
	5.989638 	0.000000
	5.999700 	0.000000
	6.009796 	0.000000
	6.019926 	0.000000
	6.030090 	0.000000
	6.040288 	0.000000
	6.050521 	0.000000
	6.060790 	0.000000
	6.071093 	0.000000
	6.081430 	0.000000
	6.091432 	0.000000
	6.101467 	0.000000
	6.111535 	0.000000
	6.121637 	0.000000
	6.131772 	0.000000
	6.141940 	0.000000
	6.152142 	0.000000
	6.162378 	0.000000
	6.172649 	0.000000
	6.182953 	0.000000
	6.193293 	0.000000
	6.203666 	0.000000
	6.213688 	0.000000
	6.223743 	0.000000
	6.233831 	0.000000
	6.243951 	0.000000
	6.254104 	0.000000
	6.264290 	0.000000
	6.274509 	0.000000
	6.284762 	0.000000
	6.295049 	0.000000
	6.305369 	0.000000
	6.315722 	0.000000
	6.326110 	0.000000
	6.336131 	0.000000
	6.346184 	0.000000
	6.356268 	0.000000
	6.366385 	0.000000
	6.376534 	0.000000
	6.386715 	0.000000
	6.396929 	0.000000
	6.407176 	0.000000
	6.417455 	0.000000
	6.427767 	0.000000
	6.438113 	0.000000
	6.448492 	0.000000
	6.458905 	0.000000
	6.468933 	0.000000
	6.478992 	0.000000
	6.489082 	0.000000
	6.499204 	0.000000
	6.509356 	0.000000
	6.519542 	0.000000
	6.529759 	0.000000
	6.540008 	0.000000
	6.550290 	0.000000
	6.560603 	0.000000
	6.570950 	0.000000
	6.581328 	0.000000
	6.591740 	0.000000
	6.601749 	0.000000
	6.611788 	0.000000
	6.621859 	0.000000
	6.631959 	0.000000
	6.642091 	0.000000
	6.652253 	0.000000
	6.662447 	0.000000
	6.672672 	0.000000
	6.682928 	0.000000
	6.693216 	0.000000
	6.703536 	0.000000
	6.713887 	0.000000
	6.724271 	0.000000
	6.734686 	0.000000
	6.745135 	0.000000
	6.755159 	0.000000
	6.765213 	0.000000
	6.775297 	0.000000
	6.785411 	0.000000
	6.795556 	0.000000
	6.805730 	0.000000
	6.815936 	0.000000
	6.826171 	0.000000
	6.836438 	0.000000
	6.846736 	0.000000
	6.857064 	0.000000
	6.867425 	0.000000
	6.877815 	0.000000
	6.888238 	0.000000
	6.898693 	0.000000
	6.908701 	0.000000
	6.918739 	0.000000
	6.928806 	0.000000
	6.938903 	0.000000
	6.949028 	0.000000
	6.959184 	0.000000
	6.969369 	0.000000
	6.979584 	0.000000
	6.989829 	0.000000
	7.000105 	0.000000
	7.010410 	0.000000
	7.020746 	0.000000
	7.031112 	0.000000
	7.041510 	0.000000
	7.051937 	0.000000
	7.062396 	0.000000
	7.072885 	0.000030
	7.082905 	0.000000
	7.092953 	0.000000
	7.103029 	0.000170
	7.113134 	0.000000
	7.123268 	0.000000
	7.133431 	0.000000
	7.143622 	0.000000
	7.153843 	0.000000
	7.164093 	0.000000
	7.174373 	0.000000
	7.184682 	0.000000
	7.195021 	0.000000
	7.205389 	0.000000
	7.215787 	0.000000
	7.226216 	0.001500
	7.236675 	0.000150
	7.247164 	0.000000
	7.257684 	0.000000
	7.267705 	0.000000
	7.277755 	0.000000
	7.287833 	0.000000
	7.297938 	0.000720
	7.308071 	0.000000
	7.318233 	0.005410
	7.328423 	0.000000
	7.338642 	0.000000
	7.348888 	0.000000
	7.359163 	0.000590
	7.369468 	0.020540
	7.379801 	0.000000
	7.390163 	0.009860
	7.400554 	0.070600
	7.410975 	0.000000
	7.421425 	0.036770
	7.431905 	0.005270
	7.442414 	0.002690
	7.452952 	0.000050
	7.462965 	0.000000
	7.473004 	0.000000
	7.483069 	0.000000
	7.493162 	0.068160
	7.503282 	0.000010
	7.513430 	0.301230
	7.523605 	0.136210
	7.533807 	0.033320
	7.544038 	0.246750
	7.554296 	0.072650
	7.564582 	0.034400
	7.574897 	0.000000
	7.585238 	0.000000
	7.595610 	0.000000
	7.606008 	0.000000
	7.616436 	0.000000
	7.626892 	0.152250
	7.637377 	0.222130
	7.647891 	0.050350
	7.658433 	0.005190
	7.669005 	0.074420
	7.679017 	0.383250
	7.689055 	0.475060
	7.699118 	0.556190
	7.709208 	0.004490
	7.719325 	0.193100
	7.729468 	0.386350
	7.739638 	0.422440
	7.749835 	0.009460
	7.760059 	0.007030
	7.770309 	0.037370
	7.780587 	0.526550
	7.790892 	0.196120
	7.801224 	0.409680
	7.811585 	0.000060
	7.821971 	0.676300
	7.832386 	0.345840
	7.842829 	0.164270
	7.853300 	0.111040
	7.863799 	0.000000
	7.874325 	0.000000
	7.884880 	0.000000
	7.895464 	0.000280
	7.906075 	0.296130
	7.916089 	0.271620
	7.926128 	0.131410
	7.936192 	0.000000
	7.946283 	0.102450
	7.956398 	0.544630
	7.966540 	0.719450
	7.976708 	0.320270
	7.986901 	0.701470
	7.997120 	0.826450
	8.007366 	0.763920
	8.017638 	0.835890
	8.027937 	0.615200
	8.038261 	0.000000
	8.048614 	0.653440
	8.058991 	0.699480
	8.069396 	0.006950
	8.079828 	0.829340
	8.090287 	0.544060
	8.100773 	0.923960
	8.111286 	0.866870
	8.121826 	0.923640
	8.132395 	0.835090
	8.142991 	0.889140
	8.153614 	0.697520
	8.164265 	0.000850
	8.174274 	0.727270
	8.184310 	0.460070
	8.194370 	0.303950
	8.204454 	0.253250
	8.214563 	0.821930
	8.224698 	0.857760
	8.234858 	0.830420
	8.245042 	0.341010
	8.255252 	0.011470
	8.265487 	0.812370
	8.275747 	0.891910
	8.286034 	0.911090
	8.296345 	0.914180
	8.306682 	0.922870
	8.317045 	0.914630
	8.327434 	0.870320
	8.337849 	0.829070
	8.348290 	0.232350
	8.358757 	0.863330
	8.369250 	0.903550
	8.379770 	0.876260
	8.390317 	0.886520
	8.400889 	0.798940
	8.411490 	0.852040
	8.422115 	0.086100
	8.432769 	0.741190
	8.443449 	0.846290
	8.454157 	0.914400
	8.464175 	0.910000
	8.474217 	0.886320
	8.484283 	0.656860
	8.494371 	0.877220
	8.504485 	0.762190
	8.514624 	0.000000
	8.524785 	0.746680
	8.534972 	0.870510
	8.545182 	0.894810
	8.555417 	0.917570
	8.565677 	0.914270
	8.575961 	0.463510
	8.586270 	0.776240
	8.596603 	0.911290
	8.606962 	0.910590
	8.617346 	0.924630
	8.627755 	0.895270
	8.638189 	0.927180
	8.648647 	0.925540
	8.659133 	0.898670
	8.669642 	0.887410
	8.680179 	0.748620
	8.690740 	0.873030
	8.701326 	0.431420
	8.711939 	0.899200
	8.722578 	0.920500
	8.733243 	0.920000
	8.743934 	0.900980
	8.754650 	0.914170
	8.765393 	0.918420
	8.776163 	0.911490
	8.786188 	0.847590
	8.796234 	0.746230
	8.806305 	0.021840
	8.816398 	0.848250
	8.826514 	0.900460
	8.836655 	0.917820
	8.846817 	0.919660
	8.857003 	0.924970
	8.867212 	0.926700
	8.877446 	0.924350
	8.887704 	0.925580
	8.897984 	0.862810
	8.908289 	0.905470
	8.918616 	0.002540
	8.928969 	0.899040
	8.939346 	0.918150
	8.949746 	0.906070
	8.960172 	0.923980
	8.970620 	0.912830
	8.981094 	0.919590
	8.991592 	0.860690
	9.002114 	0.866170
	9.012662 	0.915840
	9.023233 	0.903260
	9.033831 	0.423060
	9.044454 	0.898330
	9.055100 	0.918050
	9.065772 	0.914820
	9.076469 	0.777810
	9.087191 	0.889060
	9.097940 	0.872490
	9.108711 	0.919450
	9.119511 	0.915680
	9.130335 	0.923790
	9.140349 	0.921290
	9.150386 	0.914880
	9.160445 	0.848620
	9.170526 	0.898130
	9.180628 	0.915860
	9.190754 	0.868770
	9.200901 	0.855310
	9.211072 	0.864210
	9.221264 	0.900600
	9.231479 	0.906400
	9.241716 	0.908780
	9.251977 	0.905130
	9.262260 	0.894950
	9.272567 	0.868500
	9.282895 	0.805880
	9.293248 	0.753600
	9.303623 	0.837980
	9.314022 	0.896800
	9.324444 	0.868700
	9.334888 	0.917990
	9.345357 	0.915010
	9.355849 	0.895830
	9.366365 	0.870250
	9.376905 	0.593720
	9.387466 	0.882020
	9.398054 	0.906410
	9.408665 	0.858300
	9.419300 	0.867090
	9.429958 	0.839920
	9.440640 	0.875180
	9.451348 	0.894130
	9.462080 	0.891280
	9.472836 	0.678280
	9.483617 	0.886970
	9.494421 	0.877360
	9.505251 	0.810510
	9.516105 	0.831450
	9.526985 	0.854730
	9.537888 	0.880550
	9.547906 	0.898890
	9.557944 	0.901140
	9.568005 	0.863420
	9.578085 	0.921760
	9.588186 	0.898520
	9.598309 	0.900610
	9.608455 	0.881460
	9.618622 	0.812600
	9.628809 	0.875360
	9.639018 	0.809150
	9.649249 	0.900090
	9.659501 	0.895120
	9.669777 	0.901750
	9.680073 	0.887770
	9.690392 	0.888100
	9.700731 	0.878230
	9.711094 	0.741140
	9.721479 	0.695560
	9.731886 	0.878560
	9.742315 	0.886050
	9.752767 	0.879470
	9.763240 	0.905100
	9.773738 	0.885060
	9.784257 	0.890390
	9.794799 	0.893510
	9.805364 	0.893410
	9.815951 	0.886710
	9.826561 	0.794840
	9.837194 	0.890960
	9.847851 	0.898500
	9.858530 	0.553320
	9.869233 	0.898600
	9.879958 	0.901640
	9.890708 	0.873840
	9.901480 	0.639310
	9.912276 	0.914140
	9.923096 	0.907350
	9.933939 	0.911080
	9.944806 	0.910830
	9.955697 	0.878190
	9.966612 	0.905420
	9.977550 	0.907190
	9.988513 	0.879940
	9.999500 	0.895220
	10.009509 	0.896400
	10.019538 	0.915340
	10.029588 	0.912060
	10.039657 	0.916890
	10.049746 	0.916480
	10.059856 	0.918750
	10.069986 	0.916080
	10.080137 	0.918320
	10.090308 	0.918940
	10.100500 	0.908810
	10.110712 	0.917190
	10.120945 	0.918270
	10.131199 	0.917580
	10.141474 	0.916910
	10.151769 	0.916210
	10.162085 	0.860250
	10.172422 	0.910800
	10.182781 	0.848460
	10.193160 	0.893940
	10.203561 	0.912370
	10.213983 	0.911900
	10.224426 	0.908040
	10.234891 	0.883770
	10.245377 	0.638040
	10.255884 	0.905170
	10.266414 	0.770530
	10.276964 	0.891230
	10.287537 	0.866740
	10.298131 	0.895740
	10.308747 	0.908960
	10.319385 	0.859180
	10.330045 	0.903660
	10.340727 	0.889700
	10.351431 	0.869640
	10.362158 	0.907220
	10.372906 	0.912060
	10.383676 	0.908050
	10.394470 	0.905770
	10.405286 	0.896990
	10.416124 	0.906580
	10.426985 	0.901230
	10.437869 	0.905720
	10.448775 	0.909510
	10.459704 	0.882090
	10.470656 	0.864090
	10.481631 	0.880450
	10.492629 	0.876220
	10.503650 	0.906850
	10.514694 	0.873630
	10.525762 	0.904370
	10.536853 	0.888750
	10.546854 	0.446720
	10.556875 	0.895470
	10.566916 	0.898990
	10.576974 	0.898560
	10.587052 	0.889300
	10.597149 	0.903380
	10.607266 	0.902480
	10.617402 	0.903370
	10.627557 	0.792360
	10.637733 	0.902590
	10.647926 	0.904100
	10.658140 	0.902160
	10.668374 	0.864830
	10.678627 	0.900670
	10.688900 	0.903450
	10.699192 	0.894730
	10.709505 	0.901730
	10.719837 	0.883370
	10.730189 	0.896560
	10.740562 	0.860780
	10.750954 	0.898600
	10.761367 	0.891810
	10.771800 	0.897710
	10.782252 	0.897380
	10.792726 	0.898020
	10.803219 	0.881730
	10.813733 	0.807740
	10.824268 	0.893800
	10.834823 	0.869050
	10.845399 	0.415640
	10.855995 	0.867020
	10.866612 	0.894520
	10.877251 	0.895840
	10.887909 	0.612180
	10.898589 	0.896840
	10.909289 	0.892350
	10.920011 	0.896510
	10.930754 	0.888050
	10.941518 	0.636740
	10.952303 	0.894100
	10.963109 	0.891340
	10.973937 	0.885050
	10.984786 	0.836930
	10.995657 	0.842140
	11.006549 	0.814270
	11.017463 	0.886860
	11.028398 	0.765070
	11.039355 	0.888070
	11.050334 	0.895270
	11.061336 	0.895410
	11.072357 	0.896280
	11.083403 	0.891590
	11.094470 	0.896780
	11.105558 	0.894760
	11.116670 	0.896160
	11.127803 	0.893590
	11.138959 	0.829940
	11.150137 	0.892740
	11.161337 	0.883080
	11.172561 	0.893000
	11.183806 	0.894600
	11.193821 	0.892820
	11.203855 	0.892330
	11.213905 	0.887320
	11.223974 	0.884010
	11.234061 	0.774670
	11.244167 	0.884340
	11.254291 	0.668470
	11.264433 	0.853530
	11.274592 	0.772070
	11.284771 	0.881770
	11.294969 	0.886440
	11.305183 	0.879090
	11.315417 	0.559840
	11.325669 	0.836040
	11.335940 	0.886190
	11.346231 	0.870400
	11.356539 	0.882870
	11.366865 	0.883250
	11.377212 	0.848800
	11.387576 	0.843360
	11.397960 	0.883180
	11.408362 	0.883920
	11.418784 	0.885800
	11.429224 	0.887590
	11.439684 	0.886550
	11.450164 	0.885660
	11.460662 	0.880200
	11.471179 	0.845810
	11.481715 	0.775120
	11.492271 	0.878200
	11.502848 	0.882970
	11.513442 	0.884380
	11.524056 	0.882810
	11.534691 	0.883200
	11.545344 	0.875030
	11.556018 	0.533800
	11.566711 	0.867230
	11.577424 	0.880840
	11.588157 	0.882380
	11.598909 	0.882860
	11.609683 	0.882900
	11.620476 	0.882240
	11.631289 	0.855260
	11.642121 	0.877920
	11.652974 	0.877150
	11.663848 	0.877130
	11.674742 	0.874290
	11.685656 	0.863940
	11.696590 	0.756110
	11.707545 	0.772280
	11.718521 	0.523200
	11.729518 	0.153970
	11.740534 	0.818130
	11.751572 	0.851750
	11.762629 	0.833330
	11.773709 	0.661960
	11.784809 	0.862370
	11.795931 	0.869270
	11.807073 	0.872260
	11.818235 	0.871560
	11.829420 	0.872280
	11.840626 	0.872610
	11.851852 	0.872440
	11.863100 	0.869070
	11.874369 	0.832870
	11.885660 	0.858890
	11.896973 	0.830470
	11.908306 	0.501440
	11.919662 	0.862080
	11.931038 	0.861520
	11.942438 	0.870440
	11.953858 	0.869840
	11.963869 	0.852430
	11.973897 	0.861330
	11.983941 	0.868780
	11.994003 	0.869890
	12.004082 	0.868970
	12.014177 	0.869060
	12.024289 	0.869140
	12.034418 	0.867370
	12.044565 	0.866040
	12.054728 	0.860580
	12.064910 	0.857630
	12.075107 	0.801870
	12.085322 	0.702320
	12.095555 	0.841240
	12.105804 	0.856330
	12.116073 	0.753640
	12.126356 	0.847400
	12.136659 	0.861990
	12.146978 	0.859340
	12.157316 	0.856650
	12.167671 	0.845720
	12.178042 	0.863080
	12.188433 	0.858650
	12.198841 	0.861270
	12.209267 	0.860330
	12.219710 	0.859730
	12.230171 	0.859320
	12.240651 	0.853190
	12.251148 	0.852180
	12.261664 	0.793870
	12.272198 	0.740950
	12.282748 	0.679220
	12.293319 	0.798130
	12.303906 	0.842520
	12.314513 	0.850620
	12.325137 	0.850730
	12.335779 	0.847710
	12.346441 	0.848650
	12.357121 	0.817600
	12.367819 	0.710830
	12.378536 	0.675050
	12.389271 	0.835760
	12.400024 	0.823390
	12.410797 	0.821940
	12.421589 	0.831800
	12.432399 	0.805600
	12.443228 	0.124610
	12.454076 	0.031420
	12.464942 	0.806950
	12.475828 	0.757440
	12.486733 	0.816940
	12.497656 	0.774320
	12.508599 	0.686170
	12.519562 	0.000310
	12.530543 	0.504740
	12.541544 	0.580370
	12.552564 	0.660660
	12.563603 	0.000570
	12.574662 	0.618300
	12.585740 	0.725640
	12.596839 	0.049450
	12.607955 	0.749580
	12.619093 	0.713800
	12.630249 	0.458960
	12.641426 	0.798140
	12.652622 	0.826690
	12.663838 	0.820070
	12.675075 	0.832090
	12.686331 	0.817300
	12.697607 	0.817050
	12.708903 	0.806160
	12.720219 	0.803220
	12.731555 	0.746620
	12.742911 	0.259590
	12.754289 	0.448470
	12.765686 	0.761660
	12.777103 	0.805320
	12.788541 	0.799490
	12.800000 	0.818380
	12.811480 	0.766260
	12.822979 	0.773700
	12.834498 	0.490050
	12.846040 	0.776920
	12.857602 	0.747740
	12.869184 	0.009260
	12.880789 	0.681580
	12.892412 	0.099460
	12.904058 	0.740260
	12.914058 	0.746060
	12.924071 	0.807420
	12.934100 	0.804050
	12.944146 	0.752570
	12.954206 	0.799270
	12.964284 	0.778200
	12.974376 	0.775170
	12.984483 	0.165570
	12.994607 	0.669970
	13.004746 	0.109210
	13.014902 	0.773850
	13.025073 	0.732630
	13.035260 	0.705160
	13.045464 	0.746660
	13.055682 	0.785900
	13.065918 	0.802970
	13.076169 	0.528790
	13.086435 	0.805910
	13.096720 	0.751070
	13.107019 	0.785460
	13.117335 	0.790360
	13.127667 	0.420560
	13.138015 	0.781110
	13.148379 	0.588910
	13.158760 	0.760930
	13.169158 	0.773120
	13.179572 	0.246040
	13.190001 	0.758000
	13.200449 	0.489900
	13.210912 	0.641430
	13.221393 	0.679990
	13.231889 	0.181910
	13.242402 	0.569130
	13.252933 	0.005670
	13.263479 	0.065190
	13.274043 	0.610020
	13.284623 	0.130880
	13.295220 	0.252280
	13.305835 	0.420550
	13.316465 	0.579210
	13.327114 	0.628480
	13.337779 	0.085400
	13.348461 	0.626210
	13.359161 	0.079030
	13.369878 	0.350850
	13.380612 	0.577910
	13.391362 	0.032440
	13.402130 	0.609650
	13.412917 	0.195410
	13.423719 	0.015520
	13.434541 	0.109190
	13.445378 	0.005170
	13.456233 	0.493650
	13.467107 	0.023440
	13.477997 	0.155600
	13.488906 	0.008260
	13.499831 	0.000030
	13.510775 	0.168100
	13.521736 	0.146590
	13.532715 	0.240560
	13.543713 	0.362420
	13.554728 	0.000000
	13.565760 	0.437450
	13.576811 	0.212950
	13.587879 	0.180960
	13.598967 	0.307900
	13.610071 	0.000000
	13.621194 	0.433980
	13.632336 	0.276850
	13.643496 	0.074140
	13.654674 	0.385140
	13.665870 	0.001960
	13.677084 	0.091110
	13.688317 	0.026150
	13.699568 	0.021020
	13.710839 	0.001690
	13.722127 	0.039640
	13.733434 	0.314010
	13.744760 	0.456440
	13.756104 	0.002310
	13.767468 	0.338150
	13.778850 	0.249880
	13.790250 	0.246750
	13.801670 	0.456050
	13.813108 	0.005070
	13.824567 	0.415060
	13.836043 	0.362010
	13.847538 	0.169650
	13.859054 	0.015720
	13.870587 	0.000000
	13.882141 	0.000000
	13.893713 	0.000000
	13.905304 	0.000000
	13.916916 	0.000120
	13.928546 	0.029610
	13.940197 	0.214170
	13.951866 	0.012830
	13.963554 	0.174000
	13.975264 	0.084020
	13.986992 	0.053060
	13.998740 	0.211410
	14.010508 	0.000000
	14.022295 	0.000000
	14.034103 	0.166510
	14.045930 	0.013390
	14.057778 	0.001440
	14.069645 	0.013310
	14.081532 	0.027360
	14.093440 	0.033890
	14.105367 	0.000000
	14.117315 	0.000010
	14.129283 	0.007150
	14.141271 	0.000410
	14.151277 	0.000000
	14.161297 	0.007060
	14.171330 	0.000030
	14.181379 	0.000000
	14.191443 	0.000340
	14.201519 	0.000000
	14.211611 	0.000000
	14.221716 	0.000000
	14.231836 	0.000000
	14.241971 	0.000000
	14.252119 	0.000000
	14.262283 	0.000110
	14.272461 	0.000000
	14.282653 	0.000000
	14.292860 	0.000020
	14.303081 	0.000180
	14.313318 	0.000000
	14.323569 	0.000000
	14.333835 	0.000000
	14.344115 	0.000000
	14.354410 	0.000000
	14.364719 	0.000000
	14.375045 	0.000000
	14.385384 	0.000000
	14.395739 	0.000000
	14.406108 	0.000000
	14.416491 	0.000000
	14.426891 	0.000000
	14.437306 	0.000000
	14.447735 	0.000000
	14.458179 	0.000000
	14.468638 	0.000000
	14.479114 	0.000000
	14.489603 	0.000000
	14.500108 	0.000000
	14.510629 	0.000000
	14.521164 	0.000000
	14.531715 	0.000000
	14.542281 	0.000000
	14.552863 	0.000000
	14.563459 	0.000000
	14.574072 	0.000000
	14.584701 	0.000000
	14.595344 	0.000000
	14.606003 	0.000000
	14.616677 	0.000000
	14.627367 	0.000000
	14.638073 	0.000000
	14.648794 	0.000000
	14.659532 	0.000000
	14.670285 	0.000000
	14.681053 	0.000000
	14.691838 	0.000000
	14.702639 	0.000000
	14.713455 	0.000000
	14.724287 	0.000000
	14.735135 	0.000000
	14.745999 	0.000000
	14.756880 	0.000000
	14.767777 	0.000000
	14.778688 	0.000000
	14.789618 	0.000000
	14.800562 	0.000000
	14.811523 	0.000000
	14.822500 	0.000000
	14.833493 	0.000000
	14.844503 	0.000000
	14.855530 	0.000000
	14.866572 	0.000000
	14.877631 	0.000000
	14.888706 	0.000000
	14.899798 	0.000000
	14.910907 	0.000000
	14.922031 	0.000000
	14.933173 	0.000000
	14.944332 	0.000000
	14.955507 	0.000000
	14.966699 	0.000000
	14.977907 	0.000000
	14.989132 	0.000000
	15.000375 	0.000000
	15.011634 	0.000000
	15.022909 	0.000000
	15.034203 	0.000000
